Using Best Grid Path: false
Using Waypoints: false
Using Best Waypoint Path: false
Heuristic: Pure Distance


0_WaypointTraversalTime	0_GridTraversalTime	0_TotalTraversalTime	1_WaypointTraversalTime	1_GridTraversalTime	1_TotalTraversalTime	2_WaypointTraversalTime	2_GridTraversalTime	2_TotalTraversalTime	3_WaypointTraversalTime	3_GridTraversalTime	3_TotalTraversalTime	4_WaypointTraversalTime	4_GridTraversalTime	4_TotalTraversalTime	5_WaypointTraversalTime	5_GridTraversalTime	5_TotalTraversalTime	6_WaypointTraversalTime	6_GridTraversalTime	6_TotalTraversalTime	7_WaypointTraversalTime	7_GridTraversalTime	7_TotalTraversalTime	8_WaypointTraversalTime	8_GridTraversalTime	8_TotalTraversalTime	
0	22.3259	22.3259	0	1.707	1.707	0	10.9514	10.9514	0	3.58819	3.58819	0	3.40022	3.40022	0	8.28311	8.28311	0	5.19285	5.19285	0	3.82514	3.82514	0	9.60742	9.60742	
0	9.9863	9.9863	0	1.79204	1.79204	0	9.23881	9.23881	0	3.06973	3.06973	0	2.21784	2.21784	0	7.17492	7.17492	0	4.41428	4.41428	0	2.67179	2.67179	0	9.69393	9.69393	
0	9.86137	9.86137	0	1.38531	1.38531	0	9.09863	9.09863	0	2.71138	2.71138	0	2.14863	2.14863	0	6.68637	6.68637	0	5.31308	5.31308	0	3.08996	3.08996	0	9.62472	9.62472	
0	9.89774	9.89774	0	1.24543	1.24543	0	9.73645	9.73645	0	2.78381	2.78381	0	2.36564	2.36564	0	6.52391	6.52391	0	4.36178	4.36178	0	2.41608	2.41608	0	9.70918	9.70918	
0	9.54408	9.54408	0	1.85509	1.85509	0	17.3958	17.3958	0	6.54678	6.54678	0	2.19409	2.19409	0	7.39486	7.39486	0	4.57908	4.57908	0	2.54012	2.54012	0	9.38983	9.38983	
0	9.22825	9.22825	0	1.8806	1.8806	0	11.3663	11.3663	0	2.95712	2.95712	0	3.29729	3.29729	0	6.58725	6.58725	0	4.58817	4.58817	0	2.58147	2.58147	0	9.79246	9.79246	
0	9.70566	9.70566	0	1.28619	1.28619	0	9.08133	9.08133	0	2.86621	2.86621	0	3.11254	3.11254	0	6.50309	6.50309	0	4.37381	4.37381	0	2.36271	2.36271	0	9.4951	9.4951	
0	9.42766	9.42766	0	1.62079	1.62079	0	9.25669	9.25669	0	2.71578	2.71578	0	2.2284	2.2284	0	6.87551	6.87551	0	4.19492	4.19492	0	6.69223	6.69223	0	11.0162	11.0162	
0	11.7103	11.7103	0	3.39494	3.39494	0	15.3064	15.3064	0	4.00813	4.00813	0	2.62135	2.62135	0	6.87493	6.87493	0	4.43451	4.43451	0	4.51486	4.51486	0	10.0405	10.0405	
0	9.56783	9.56783	0	1.43223	1.43223	0	9.53	9.53	0	3.0448	3.0448	0	2.1891	2.1891	0	10.269	10.269	0	5.17086	5.17086	0	5.799	5.799	0	9.35024	9.35024	
0	10.5798	10.5798	0	1.72518	1.72518	0	11.8924	11.8924	0	4.53568	4.53568	0	3.92103	3.92103	0	6.63212	6.63212	0	4.53949	4.53949	0	2.49379	2.49379	0	10.5133	10.5133	
0	9.63498	9.63498	0	3.46151	3.46151	0	9.51299	9.51299	0	2.82897	2.82897	0	5.2386	5.2386	0	7.01275	7.01275	0	6.70338	6.70338	0	2.63836	2.63836	0	12.566	12.566	
0	16.0961	16.0961	0	1.60759	1.60759	0	11.4168	11.4168	0	2.84099	2.84099	0	2.92838	2.92838	0	6.78607	6.78607	0	4.53069	4.53069	0	2.57678	2.57678	0	9.82354	9.82354	
0	9.66783	9.66783	0	1.68266	1.68266	0	9.72824	9.72824	0	2.84979	2.84979	0	2.8105	2.8105	0	6.93797	6.93797	0	4.63832	4.63832	0	2.59144	2.59144	0	9.53968	9.53968	
0	10.1194	10.1194	0	1.34894	1.34894	0	9.23235	9.23235	0	2.84891	2.84891	0	2.29585	2.29585	0	6.79076	6.79076	0	5.10165	5.10165	0	2.47737	2.47737	0	9.81768	9.81768	
0	10.6141	10.6141	0	1.33692	1.33692	0	10.018	10.018	0	3.12809	3.12809	0	2.33397	2.33397	0	6.48021	6.48021	0	4.63832	4.63832	0	2.45772	2.45772	0	9.54026	9.54026	
0	9.36197	9.36197	0	1.25452	1.25452	0	9.17928	9.17928	0	2.79085	2.79085	0	2.3542	2.3542	0	6.93622	6.93622	0	4.34126	4.34126	0	2.40435	2.40435	0	9.34965	9.34965	
0	9.51534	9.51534	0	1.2337	1.2337	0	9.14057	9.14057	0	2.77208	2.77208	0	2.79408	2.79408	0	6.52361	6.52361	0	4.45064	4.45064	0	6.21981	6.21981	0	20.6157	20.6157	
0	10.8191	10.8191	0	1.31551	1.31551	0	11.6215	11.6215	0	2.7888	2.7888	0	2.61783	2.61783	0	6.73211	6.73211	0	4.53832	4.53832	0	3.76913	3.76913	0	9.62062	9.62062	
0	16.4082	16.4082	0	1.30085	1.30085	0	9.15112	9.15112	0	2.80962	2.80962	0	2.18265	2.18265	0	9.12268	9.12268	0	5.23654	5.23654	0	2.45303	2.45303	0	10.8951	10.8951	
0	13.3173	13.3173	0	3.46679	3.46679	0	15.756	15.756	0	2.85038	2.85038	0	2.22107	2.22107	0	8.27255	8.27255	0	4.75884	4.75884	0	2.43338	2.43338	0	10.1948	10.1948	
0	10.2737	10.2737	0	1.29293	1.29293	0	9.28367	9.28367	0	3.0882	3.0882	0	2.25919	2.25919	0	6.99281	6.99281	0	4.36354	4.36354	0	2.57678	2.57678	0	9.16491	9.16491	
0	11.6531	11.6531	0	1.28854	1.28854	0	10.4927	10.4927	0	3.13424	3.13424	0	2.20142	2.20142	0	13.2264	13.2264	0	5.61894	5.61894	0	2.4935	2.4935	0	9.99275	9.99275	
0	10.9115	10.9115	0	2.47179	2.47179	0	9.46695	9.46695	0	2.80815	2.80815	0	2.24071	2.24071	0	6.67405	6.67405	0	4.31809	4.31809	0	2.46476	2.46476	0	11.7643	11.7643	
0	12.4194	12.4194	0	1.46302	1.46302	0	9.0696	9.0696	0	2.76504	2.76504	0	2.22693	2.22693	0	6.65558	6.65558	0	4.43568	4.43568	0	5.80985	5.80985	0	10.1878	10.1878	
0	17.0996	17.0996	0	1.29528	1.29528	0	9.00597	9.00597	0	2.66739	2.66739	0	2.2152	2.2152	0	6.64238	6.64238	0	6.34033	6.34033	0	3.54421	3.54421	0	11.4751	11.4751	
0	10.0458	10.0458	0	1.53545	1.53545	0	9.73264	9.73264	0	2.73777	2.73777	0	2.36359	2.36359	0	6.74296	6.74296	0	5.03332	5.03332	0	2.42224	2.42224	0	9.59129	9.59129	
0	9.72032	9.72032	0	4.27557	4.27557	0	10.7646	10.7646	0	4.8128	4.8128	0	2.26124	2.26124	0	7.14354	7.14354	0	6.67845	6.67845	0	2.95126	2.95126	0	12.8789	12.8789	
0	11.4197	11.4197	0	1.28766	1.28766	0	8.92327	8.92327	0	3.22544	3.22544	0	2.16447	2.16447	0	6.45617	6.45617	0	10.2303	10.2303	0	2.51754	2.51754	0	9.33411	9.33411	
0	10.3951	10.3951	0	1.25452	1.25452	0	9.12239	9.12239	0	2.78147	2.78147	0	2.18881	2.18881	0	7.98605	7.98605	0	5.03802	5.03802	0	3.00639	3.00639	0	10.7836	10.7836	
0	9.39804	9.39804	0	1.23839	1.23839	0	9.23587	9.23587	0	3.59992	3.59992	0	2.26975	2.26975	0	12.1572	12.1572	0	4.39082	4.39082	0	2.5193	2.5193	0	11.2244	11.2244	
0	9.2303	9.2303	0	1.27241	1.27241	0	9.81768	9.81768	0	2.7712	2.7712	0	2.24746	2.24746	0	6.54531	6.54531	0	4.47322	4.47322	0	3.26034	3.26034	0	13.0238	13.0238	
0	15.024	15.024	0	1.27446	1.27446	0	9.63147	9.63147	0	3.19759	3.19759	0	7.07346	7.07346	0	6.59282	6.59282	0	9.68044	9.68044	0	2.47971	2.47971	0	9.28836	9.28836	
0	9.50478	9.50478	0	1.71463	1.71463	0	25.8082	25.8082	0	2.85683	2.85683	0	2.14248	2.14248	0	6.55616	6.55616	0	4.41046	4.41046	0	6.02685	6.02685	0	9.91562	9.91562	
0	14.1844	14.1844	0	1.61492	1.61492	0	9.00567	9.00567	0	5.18171	5.18171	0	3.24509	3.24509	0	6.72478	6.72478	0	6.61218	6.61218	0	2.4149	2.4149	0	9.48337	9.48337	
0	9.3388	9.3388	0	1.30202	1.30202	0	9.24995	9.24995	0	3.30755	3.30755	0	2.42253	2.42253	0	6.80279	6.80279	0	6.35089	6.35089	0	2.51959	2.51959	0	9.75199	9.75199	
0	9.43294	9.43294	0	1.26156	1.26156	0	10.4177	10.4177	0	2.84686	2.84686	0	5.87759	5.87759	0	6.81246	6.81246	0	5.40399	5.40399	0	7.40864	7.40864	0	13.0109	13.0109	
0	14.9621	14.9621	0	1.33692	1.33692	0	9.34731	9.34731	0	2.66886	2.66886	0	2.20875	2.20875	0	6.61276	6.61276	0	4.2917	4.2917	0	2.64364	2.64364	0	9.40244	9.40244	
0	14.5281	14.5281	0	2.70024	2.70024	0	9.08778	9.08778	0	2.99085	2.99085	0	2.52575	2.52575	0	7.09955	7.09955	0	4.62395	4.62395	0	2.52018	2.52018	0	9.58279	9.58279	
0	9.67633	9.67633	0	1.34748	1.34748	0	8.99834	8.99834	0	2.82663	2.82663	0	3.01401	3.01401	0	9.37487	9.37487	0	6.85411	6.85411	0	2.63015	2.63015	0	9.42091	9.42091	
0	12.1285	12.1285	0	1.29557	1.29557	0	9.19364	9.19364	0	2.8322	2.8322	0	2.76123	2.76123	0	7.7359	7.7359	0	4.33187	4.33187	0	2.42312	2.42312	0	9.4866	9.4866	
0	9.69422	9.69422	0	1.35657	1.35657	0	9.81328	9.81328	0	3.5618	3.5618	0	2.26652	2.26652	0	8.7048	8.7048	0	6.11952	6.11952	0	3.53863	3.53863	0	9.22883	9.22883	
0	10.0297	10.0297	0	1.29557	1.29557	0	9.13089	9.13089	0	2.66329	2.66329	0	2.19643	2.19643	0	6.55411	6.55411	0	4.65796	4.65796	0	2.54393	2.54393	0	9.31417	9.31417	
0	11.8056	11.8056	0	1.28384	1.28384	0	9.26754	9.26754	0	2.73484	2.73484	0	2.27209	2.27209	0	6.59194	6.59194	0	4.4351	4.4351	0	2.49643	2.49643	0	12.1308	12.1308	
0	21.0649	21.0649	0	1.68442	1.68442	0	10.9004	10.9004	0	2.75478	2.75478	0	2.64393	2.64393	0	11.7294	11.7294	0	4.43011	4.43011	0	3.13894	3.13894	0	10.4748	10.4748	
0	9.39804	9.39804	0	1.29851	1.29851	0	12.6777	12.6777	0	2.72839	2.72839	0	2.18412	2.18412	0	6.87845	6.87845	0	10.9693	10.9693	0	5.76205	5.76205	0	9.44965	9.44965	
0	11.3731	11.3731	0	1.48736	1.48736	0	11.9276	11.9276	0	3.67382	3.67382	0	2.21168	2.21168	0	7.92652	7.92652	0	4.44448	4.44448	0	2.4454	2.4454	0	10.11	10.11	
0	9.49657	9.49657	0	1.30027	1.30027	0	9.23793	9.23793	0	3.00375	3.00375	0	2.15685	2.15685	0	6.81598	6.81598	0	4.33275	4.33275	0	2.38587	2.38587	0	9.62149	9.62149	
0	9.34643	9.34643	0	1.28003	1.28003	0	19.0579	19.0579	0	2.80053	2.80053	0	2.20347	2.20347	0	6.87053	6.87053	0	4.64125	4.64125	0	3.02985	3.02985	0	9.87633	9.87633	
0	9.38074	9.38074	0	1.37358	1.37358	0	9.82648	9.82648	0	2.96768	2.96768	0	2.34335	2.34335	0	6.90865	6.90865	0	4.33011	4.33011	0	6.6113	6.6113	0	9.23059	9.23059	
0	10.8221	10.8221	0	2.69818	2.69818	0	13.6185	13.6185	0	3.00228	3.00228	0	2.23192	2.23192	0	6.50015	6.50015	0	4.51339	4.51339	0	2.44658	2.44658	0	9.27869	9.27869	
0	10.6778	10.6778	0	1.28384	1.28384	0	12.956	12.956	0	2.82281	2.82281	0	2.21315	2.21315	0	6.9497	6.9497	0	4.47146	4.47146	0	2.36798	2.36798	0	9.32649	9.32649	
0	9.56197	9.56197	0	1.30965	1.30965	0	9.34408	9.34408	0	2.97002	2.97002	0	2.14277	2.14277	0	6.6676	6.6676	0	4.40284	4.40284	0	6.04445	6.04445	0	15.6926	15.6926	
0	18.0495	18.0495	0	1.45745	1.45745	0	12.476	12.476	0	3.45007	3.45007	0	3.89962	3.89962	0	9.20186	9.20186	0	4.5782	4.5782	0	2.54628	2.54628	0	9.45112	9.45112	
0	9.77222	9.77222	0	1.31933	1.31933	0	9.06403	9.06403	0	2.84598	2.84598	0	2.16388	2.16388	0	7.7145	7.7145	0	7.44852	7.44852	0	7.03123	7.03123	0	9.33792	9.33792	
0	9.66753	9.66753	0	1.29939	1.29939	0	8.74058	8.74058	0	2.68557	2.68557	0	3.94244	3.94244	0	6.64766	6.64766	0	4.56794	4.56794	0	6.36086	6.36086	0	15.4841	15.4841	
0	11.9628	11.9628	0	1.31053	1.31053	0	10.7045	10.7045	0	3.33688	3.33688	0	2.32664	2.32664	0	6.75469	6.75469	0	5.28874	5.28874	0	2.44745	2.44745	0	11.5528	11.5528	
0	9.76871	9.76871	0	1.30115	1.30115	0	8.97429	8.97429	0	2.71372	2.71372	0	4.4955	4.4955	0	6.39722	6.39722	0	4.34272	4.34272	0	2.58	2.58	0	9.15083	9.15083	
0	9.84378	9.84378	0	1.49733	1.49733	0	11.074	11.074	0	3.39553	3.39553	0	2.8366	2.8366	0	11.1895	11.1895	0	4.68172	4.68172	0	2.72194	2.72194	0	13.0141	13.0141	
0	10.1359	10.1359	0	1.30642	1.30642	0	9.29716	9.29716	0	3.87646	3.87646	0	3.12427	3.12427	0	9.63	9.63	0	4.64623	4.64623	0	2.48089	2.48089	0	9.72824	9.72824	
0	9.84583	9.84583	0	1.31786	1.31786	0	11.9434	11.9434	0	2.99172	2.99172	0	5.80369	5.80369	0	6.75264	6.75264	0	5.27936	5.27936	0	3.58643	3.58643	0	10.1361	10.1361	
0	16.1425	16.1425	0	1.2812	1.2812	0	9.11095	9.11095	0	3.1621	3.1621	0	2.32341	2.32341	0	6.5503	6.5503	0	4.44536	4.44536	0	2.42165	2.42165	0	9.93996	9.93996	
0	9.56255	9.56255	0	1.29264	1.29264	0	9.12473	9.12473	0	5.09549	5.09549	0	2.16242	2.16242	0	14.9982	14.9982	0	6.69927	6.69927	0	6.81452	6.81452	0	9.93293	9.93293	
0	10.2441	10.2441	0	1.29909	1.29909	0	9.37751	9.37751	0	3.00111	3.00111	0	2.3454	2.3454	0	7.07258	7.07258	0	4.33217	4.33217	0	2.52311	2.52311	0	15.507	15.507	
0	9.41329	9.41329	0	1.26449	1.26449	0	13.4982	13.4982	0	2.91548	2.91548	0	2.26036	2.26036	0	7.43767	7.43767	0	4.32953	4.32953	0	2.40259	2.40259	0	12.1121	12.1121	
0	11.6481	11.6481	0	1.59909	1.59909	0	12.5024	12.5024	0	3.76238	3.76238	0	4.21809	4.21809	0	9.4561	9.4561	0	7.06407	7.06407	0	2.55801	2.55801	0	9.65786	9.65786	
0	9.64202	9.64202	0	1.31375	1.31375	0	9.2391	9.2391	0	2.88058	2.88058	0	2.17327	2.17327	0	6.61833	6.61833	0	4.44301	4.44301	0	2.35274	2.35274	0	9.39716	9.39716	
0	9.72472	9.72472	0	1.26156	1.26156	0	9.20156	9.20156	0	2.81578	2.81578	0	2.18852	2.18852	0	14.307	14.307	0	8.05936	8.05936	0	2.54628	2.54628	0	10.0754	10.0754	
0	11.0845	11.0845	0	1.31903	1.31903	0	9.1391	9.1391	0	3.72778	3.72778	0	4.71808	4.71808	0	6.6113	6.6113	0	5.42657	5.42657	0	2.9058	2.9058	0	9.21857	9.21857	
0	15.1645	15.1645	0	2.74012	2.74012	0	9.98982	9.98982	0	2.79583	2.79583	0	2.24805	2.24805	0	6.73769	6.73769	0	5.73126	5.73126	0	2.45831	2.45831	0	10.4699	10.4699	
0	12.9786	12.9786	0	1.26537	1.26537	0	9.79744	9.79744	0	2.95947	2.95947	0	2.20347	2.20347	0	6.91862	6.91862	0	4.78318	4.78318	0	2.47238	2.47238	0	9.87926	9.87926	
0	13.1739	13.1739	0	1.42959	1.42959	0	9.24819	9.24819	0	2.81724	2.81724	0	2.22517	2.22517	0	6.96173	6.96173	0	4.58025	4.58025	0	2.44658	2.44658	0	9.8775	9.8775	
0	10.3394	10.3394	0	1.31522	1.31522	0	9.58103	9.58103	0	2.86651	2.86651	0	2.46916	2.46916	0	7.83473	7.83473	0	5.16734	5.16734	0	2.5149	2.5149	0	11.0194	11.0194	
0	10.2297	10.2297	0	1.32138	1.32138	0	10.9006	10.9006	0	3.23072	3.23072	0	2.4193	2.4193	0	6.64912	6.64912	0	4.7172	4.7172	0	2.42693	2.42693	0	11.9915	11.9915	
0	9.48748	9.48748	0	1.29499	1.29499	0	14.7516	14.7516	0	2.85507	2.85507	0	6.04474	6.04474	0	7.52565	7.52565	0	7.89836	7.89836	0	3.2319	3.2319	0	10.5344	10.5344	
0	10.5977	10.5977	0	1.96359	1.96359	0	13.3258	13.3258	0	3.82954	3.82954	0	2.5715	2.5715	0	6.97727	6.97727	0	5.04271	5.04271	0	2.42517	2.42517	0	9.98336	9.98336	
0	10.0162	10.0162	0	3.59347	3.59347	0	9.33499	9.33499	0	7.59163	7.59163	0	2.31139	2.31139	0	6.47992	6.47992	0	4.35563	4.35563	0	2.57736	2.57736	0	9.35112	9.35112	
0	9.75962	9.75962	0	1.60906	1.60906	0	10.8921	10.8921	0	3.197	3.197	0	2.2064	2.2064	0	6.88079	6.88079	0	4.46178	4.46178	0	2.60141	2.60141	0	9.79656	9.79656	
0	19.1993	19.1993	0	3.64215	3.64215	0	14.0449	14.0449	0	2.91255	2.91255	0	2.60288	2.60288	0	16.7345	16.7345	0	4.49785	4.49785	0	2.52634	2.52634	0	9.74906	9.74906	
0	10.3693	10.3693	0	1.94923	1.94923	0	10.0394	10.0394	0	2.95126	2.95126	0	2.77091	2.77091	0	6.99604	6.99604	0	6.17934	6.17934	0	2.4844	2.4844	0	9.75316	9.75316	
0	10.1749	10.1749	0	1.33106	1.33106	0	9.03998	9.03998	0	2.7237	2.7237	0	2.21725	2.21725	0	6.75411	6.75411	0	4.29551	4.29551	0	5.15209	5.15209	0	13.5892	13.5892	
0	9.53528	9.53528	0	2.09438	2.09438	0	12.51	12.51	0	2.9231	2.9231	0	2.33573	2.33573	0	7.71362	7.71362	0	4.88201	4.88201	0	2.46241	2.46241	0	10.2622	10.2622	
0	10.3989	10.3989	0	1.31669	1.31669	0	9.20831	9.20831	0	2.84598	2.84598	0	2.185	2.185	0	7.15263	7.15263	0	4.61339	4.61339	0	2.52956	2.52956	0	9.5083	9.5083	
0	9.32942	9.32942	0	1.28736	1.28736	0	9.47194	9.47194	0	2.85419	2.85419	0	2.26975	2.26975	0	6.98548	6.98548	0	4.6436	4.6436	0	3.72749	3.72749	0	9.56871	9.56871	
0	10.6232	10.6232	0	2.72252	2.72252	0	14.6249	14.6249	0	4.35269	4.35269	0	2.28148	2.28148	0	6.67816	6.67816	0	5.19784	5.19784	0	2.63396	2.63396	0	12.1584	12.1584	
0	19.7307	19.7307	0	2.92281	2.92281	0	9.34056	9.34056	0	2.77384	2.77384	0	2.27356	2.27356	0	6.85821	6.85821	0	4.38642	4.38642	0	2.49936	2.49936	0	9.42062	9.42062	
0	9.58836	9.58836	0	1.29499	1.29499	0	9.07459	9.07459	0	2.98909	2.98909	0	5.54768	5.54768	0	7.4406	7.4406	0	4.97643	4.97643	0	2.74188	2.74188	0	10.6693	10.6693	
0	10.5813	10.5813	0	1.30232	1.30232	0	9.24115	9.24115	0	2.78469	2.78469	0	2.83454	2.83454	0	6.85029	6.85029	0	11.071	11.071	0	2.52458	2.52458	0	9.93205	9.93205	
0	9.8907	9.8907	0	1.3595	1.3595	0	9.57751	9.57751	0	3.05976	3.05976	0	2.14922	2.14922	0	6.6327	6.6327	0	11.4021	11.4021	0	2.43309	2.43309	0	9.4086	9.4086	
0	10.6564	10.6564	0	2.12341	2.12341	0	10.8977	10.8977	0	4.72453	4.72453	0	2.16242	2.16242	0	7.17903	7.17903	0	4.32806	4.32806	0	2.363	2.363	0	9.6083	9.6083	
0	9.7517	9.7517	0	1.3073	1.3073	0	18.2885	18.2885	0	2.83953	2.83953	0	2.27209	2.27209	0	6.5327	6.5327	0	4.29961	4.29961	0	5.60135	5.60135	0	9.35962	9.35962	
0	9.4998	9.4998	0	1.28531	1.28531	0	13.5287	13.5287	0	8.54762	8.54762	0	2.29233	2.29233	0	7.41802	7.41802	0	4.59052	4.59052	0	3.59142	3.59142	0	10.7039	10.7039	
0	9.94817	9.94817	0	1.26771	1.26771	0	9.57194	9.57194	0	2.82751	2.82751	0	2.23778	2.23778	0	6.71716	6.71716	0	4.75679	4.75679	0	2.3718	2.3718	0	9.99803	9.99803	
0	10.2482	10.2482	0	1.35745	1.35745	0	9.34643	9.34643	0	3.71282	3.71282	0	2.37209	2.37209	0	7.05733	7.05733	0	4.94711	4.94711	0	5.74093	5.74093	0	11.5047	11.5047	
0	11.6628	11.6628	0	1.48941	1.48941	0	9.352	9.352	0	2.68352	2.68352	0	2.53103	2.53103	0	9.52941	9.52941	0	5.98668	5.98668	0	2.42194	2.42194	0	10.3423	10.3423	
0	13.5768	13.5768	0	2.49525	2.49525	0	9.06579	9.06579	0	5.46381	5.46381	0	2.20113	2.20113	0	6.6503	6.6503	0	4.51163	4.51163	0	2.3803	2.3803	0	9.29687	9.29687	
0	11.4446	11.4446	0	3.25477	3.25477	0	12.6279	12.6279	0	3.97088	3.97088	0	2.6976	2.6976	0	6.72273	6.72273	0	4.3439	4.3439	0	4.59873	4.59873	0	9.29012	9.29012	
0	9.36256	9.36256	0	2.05831	2.05831	0	9.19804	9.19804	0	2.7932	2.7932	0	5.8204	5.8204	0	6.79604	6.79604	0	9.76871	9.76871	0	2.48499	2.48499	0	10.7391	10.7391	
0	9.45112	9.45112	0	1.29293	1.29293	0	11.1185	11.1185	0	2.80493	2.80493	0	2.21051	2.21051	0	7.9966	7.9966	0	4.41398	4.41398	0	2.44159	2.44159	0	9.71563	9.71563	
0	11.0282	11.0282	0	1.32021	1.32021	0	14.3343	14.3343	0	3.32574	3.32574	0	6.24708	6.24708	0	6.78695	6.78695	0	4.33539	4.33539	0	2.46681	2.46681	0	9.43763	9.43763	
0	9.7602	9.7602	0	1.8419	1.8419	0	9.15171	9.15171	0	2.79789	2.79789	0	2.20523	2.20523	0	6.66907	6.66907	0	4.42923	4.42923	0	2.38147	2.38147	0	10.7663	10.7663	
