Using Best Grid Path: true
Using Waypoints: true
Using Best Waypoint Path: true
Heuristic: Stanford Distance


0_WaypointTraversalTime	0_GridTraversalTime	0_TotalTraversalTime	1_WaypointTraversalTime	1_GridTraversalTime	1_TotalTraversalTime	2_WaypointTraversalTime	2_GridTraversalTime	2_TotalTraversalTime	3_WaypointTraversalTime	3_GridTraversalTime	3_TotalTraversalTime	4_WaypointTraversalTime	4_GridTraversalTime	4_TotalTraversalTime	5_WaypointTraversalTime	5_GridTraversalTime	5_TotalTraversalTime	6_WaypointTraversalTime	6_GridTraversalTime	6_TotalTraversalTime	7_WaypointTraversalTime	7_GridTraversalTime	7_TotalTraversalTime	8_WaypointTraversalTime	8_GridTraversalTime	8_TotalTraversalTime	
847.159	0.982677	848.141	304.85	0.339875	305.19	876.25	0.898221	877.148	884.274	0.668021	884.942	829.855	0.434888	830.29	687.965	0.747198	688.712	366.893	0.700572	367.594	202.873	0.558639	203.432	853.672	1.28795	854.96	
931.139	1.17769	932.316	363.128	0.397352	363.525	1053.21	0.938396	1054.15	835.512	0.491485	836.004	818.936	0.46128	819.397	701.044	0.832827	701.877	308.998	0.724325	309.723	218.746	1.02256	219.769	820.141	1.03429	821.175	
806.459	1.0079	807.467	330.267	0.325799	330.593	955.078	0.943088	956.021	749.721	0.879747	750.6	866.758	0.457468	867.215	702.898	0.94954	703.848	413.055	1.95744	415.013	208.18	1.13282	209.313	875.547	1.02109	876.568	
802.282	1.02344	803.305	350.002	0.34574	350.347	1009.1	0.998806	1010.1	830.613	0.489432	831.103	714.024	0.435475	714.46	697.929	0.692947	698.622	393.43	2.01491	395.445	172.816	0.482688	173.299	812.572	0.925493	813.498	
798.763	0.930185	799.693	275.11	0.308498	275.419	852.594	1.14807	853.742	733.727	0.443686	734.171	741.865	0.434008	742.299	735.239	0.754529	735.993	356.785	0.699399	357.484	215.911	0.503508	216.414	850.088	1.00731	851.095	
777.235	1.0513	778.286	275.607	0.305859	275.913	920.879	0.881799	921.761	829.68	0.479169	830.159	770.041	0.709662	770.751	693.706	0.772417	694.479	377.639	0.714061	378.353	199.121	0.516411	199.637	785.789	0.974759	786.764	
868.999	0.931358	869.931	349.24	0.333717	349.574	927.664	1.35188	929.016	775.823	0.475063	776.298	766.092	0.425211	766.518	667.51	0.766259	668.277	391.449	1.16097	392.61	167.275	0.492072	167.767	781.698	1.02461	782.723	
750.491	1.08619	751.577	302.044	0.33401	302.378	881.132	0.836932	881.969	834.585	0.443686	835.029	828.755	0.650426	829.405	679.597	0.755702	680.353	352.086	0.721685	352.808	175.283	0.463333	175.746	792.174	1.00027	793.174	
852.174	0.927546	853.102	436.953	0.344861	437.298	976.068	0.908485	976.977	817.869	0.506734	818.376	906.922	0.482688	907.405	771.866	2.27737	774.144	355.102	0.719046	355.821	212.146	1.42812	213.574	894.027	1.02696	895.054	
891.39	1.073	892.463	324.036	0.342515	324.379	885.143	0.882972	886.026	861.334	0.489726	861.824	834.903	0.432542	835.336	653.558	0.740453	654.298	416.627	0.870363	417.497	202.508	0.496764	203.004	830.767	0.963616	831.731	
790.176	1.12314	791.299	281.992	0.304686	282.296	903.409	2.52399	905.933	801.261	0.982677	802.244	846.088	0.411135	846.499	616.328	0.695	617.023	374.46	0.679751	375.14	138.696	0.457468	139.153	908.321	0.991181	909.312	
835.763	1.01142	836.774	382.896	0.331664	383.227	960.139	0.904086	961.043	788.291	0.527261	788.818	861.584	0.449257	862.034	697.933	2.51226	700.445	401.21	0.696173	401.906	164.263	1.08737	165.35	903.996	2.65273	906.649	
820.031	1.18942	821.221	322.868	0.954818	323.822	940.041	0.86743	940.909	937.814	0.485327	938.299	848.748	0.463626	849.212	644.672	0.684736	645.356	328.537	0.703504	329.24	185.037	0.482394	185.519	816.699	1.52138	818.22	
832.008	1.05892	833.067	350.865	0.33401	351.199	915.193	1.85245	917.045	813.399	0.530194	813.929	737.085	0.414947	737.5	676.988	0.737228	677.726	322.661	0.743679	323.405	156.911	0.531367	157.443	858.865	1.31288	860.177	
861.073	0.975346	862.048	336.471	0.41788	336.889	867.045	0.897635	867.943	871.708	0.500283	872.209	801.769	0.443686	802.212	648.555	0.870949	649.426	362.609	0.650133	363.259	200.592	1.15892	201.751	920.251	1.32636	921.577	
865.946	1.04924	866.995	300.154	0.538112	300.692	892.538	0.887371	893.425	727.053	0.517584	727.571	766.737	0.441046	767.178	618.178	0.794704	618.972	333.944	0.698226	334.642	166.323	0.505854	166.829	754.587	1.00203	755.589	
873.505	1.02725	874.533	292.18	0.317002	292.497	904.723	0.931358	905.655	747.975	0.673886	748.648	848.394	0.443099	848.837	742.728	2.34335	745.071	408.997	0.909951	409.907	161.572	0.523156	162.095	872.468	1.034	873.502	
797.956	1.03018	798.986	309.102	0.329612	309.431	1002.83	0.881506	1003.71	854.269	0.491778	854.76	811.307	0.424331	811.732	618.676	0.722858	619.399	347.997	1.28062	349.278	156.53	0.510253	157.041	841.98	0.940156	842.92	
926.263	1.173	927.436	270.898	0.336063	271.234	872.366	0.908778	873.275	810.835	1.37358	812.208	814.878	0.421692	815.3	678.144	0.987369	679.132	337.466	0.676525	338.142	165.71	0.483274	166.193	864.924	0.992941	865.917	
782.788	1.61609	784.404	298.089	0.328732	298.417	911.047	0.860392	911.908	723.678	0.549548	724.228	764.482	0.455122	764.938	704.617	2.42253	707.039	384.582	0.675645	385.257	149.32	0.599987	149.92	750.167	1.00731	751.175	
849.392	0.943088	850.335	289.867	0.339582	290.207	922.549	1.16097	923.71	866.449	0.497057	866.946	741.73	0.444272	742.174	694.372	0.860099	695.232	368.273	0.731363	369.005	171.905	0.50908	172.414	842.457	1.27241	843.729	
701.05	0.946901	701.996	321.339	0.312017	321.651	887.144	1.76301	888.907	786.143	0.491778	786.634	721.147	0.623154	721.77	690.393	1.61433	692.007	425.937	0.736641	426.674	175.499	0.640749	176.139	837.806	1.0425	838.849	
740.496	1.18912	741.686	291.761	0.317295	292.078	854.15	0.862445	855.012	747.976	0.49823	748.474	735.889	0.672713	736.561	638.924	0.804382	639.729	378.39	0.825789	379.216	147.824	0.535179	148.36	770.249	1.09763	771.347	
755.482	1.03077	756.513	318.451	0.318468	318.769	868.055	0.866844	868.922	766.544	1.09587	767.64	770.661	0.461574	771.123	633.729	0.889131	634.618	297.069	0.666555	297.736	153.009	0.518171	153.527	783.553	0.974173	784.527	
835.7	1.05452	836.754	302.905	0.345154	303.25	849.195	0.970067	850.165	766.935	0.588844	767.524	795.444	0.458348	795.903	732.446	0.714941	733.161	334.737	0.724618	335.462	162.638	0.467439	163.106	805.578	1.07622	806.654	
729.922	0.984436	730.906	296.374	0.31319	296.687	917.383	1.48677	918.87	976.232	0.494124	976.726	764.369	0.514065	764.883	753.839	0.775643	754.615	357.928	0.728723	358.657	158.535	0.505561	159.041	779.557	0.969481	780.526	
778.793	0.97212	779.765	317.213	0.337529	317.551	895.978	0.934877	896.913	766.763	0.487966	767.251	719.015	0.417	719.432	666.396	0.939276	667.336	361.864	0.722565	362.586	171.836	0.465972	172.302	788.986	0.99646	789.983	
809.022	1.17124	810.193	317.622	0.49911	318.121	885.486	0.884145	886.37	764.836	0.516704	765.353	800.635	0.790012	801.425	716.491	0.773297	717.264	361.935	1.98236	363.917	158.502	0.524915	159.027	781.78	0.942795	782.723	
794.266	1.71111	795.977	299.789	0.345447	300.135	867.382	1.02109	868.403	761.992	0.490605	762.483	807.199	0.451896	807.651	689.3	1.33399	690.634	311.746	0.719926	312.465	159.276	0.492658	159.769	787.946	0.939863	788.885	
799.489	1.2164	800.705	276.826	0.326386	277.152	978.234	1.08209	979.316	763.263	0.453949	763.717	858.222	0.448671	858.671	608.266	0.728723	608.995	370.497	2.06477	372.562	183.898	0.519637	184.418	875.569	1.05511	876.624	
815.379	1.07153	816.451	362.94	0.328439	363.268	984.329	0.908485	985.237	721.555	0.501749	722.057	856.102	0.465093	856.568	697.684	0.778869	698.463	376.126	1.93456	378.061	166.83	0.525795	167.356	755.895	2.84921	758.744	
809.942	1.54835	811.491	339.219	0.334304	339.553	974.783	1.05247	975.835	942.004	0.82227	942.826	767.652	1.29763	768.95	585.931	2.1372	588.068	336.303	0.653945	336.957	203.126	0.470078	203.596	812.848	1.0337	813.881	
721.55	0.969187	722.519	325.504	0.33577	325.84	813.998	0.842211	814.84	859.395	1.32285	860.718	774.05	0.533713	774.583	633.465	0.889131	634.354	367.433	0.744266	368.177	141.559	0.514652	142.073	756.899	0.936344	757.835	
854.591	1.00262	855.594	322.6	0.346327	322.947	937.069	0.911711	937.98	758	0.507321	758.507	855.059	0.506734	855.566	630.538	1.18707	631.725	331.373	0.660983	332.034	191.562	0.485327	192.047	784.408	0.981211	785.39	
873.065	0.960097	874.025	298.768	0.336063	299.104	851.411	0.934584	852.346	815.661	0.646907	816.308	773.016	0.424918	773.441	741.355	1.10525	742.46	353.298	1.02109	354.319	173.554	0.468318	174.022	819.927	0.946314	820.873	
766.828	2.06946	768.898	339.259	1.1513	340.411	868.878	0.839865	869.717	782.226	0.487966	782.714	790.75	0.436941	791.187	728.083	0.775057	728.858	373.893	0.705557	374.599	200.264	0.512012	200.776	831.402	1.04983	832.452	
892.208	1.17915	893.387	297.832	0.340462	298.172	914.739	1.50554	916.244	840.761	0.518171	841.279	816.283	1.06127	817.345	625.523	0.728137	626.251	384.839	0.665382	385.504	149.935	0.468612	150.403	849.779	0.969774	850.749	
863.615	1.44953	865.064	288.284	0.937517	289.222	912.571	0.885025	913.456	915.348	0.850715	916.199	791.089	0.470664	791.56	771.541	0.784147	772.325	357.365	0.75189	358.117	142.617	0.505854	143.123	961.747	1.0557	962.803	
735.249	2.17092	737.42	298.607	0.309964	298.917	873.177	0.926373	874.103	703.358	0.446325	703.805	797.379	0.439287	797.819	709.33	1.09089	710.421	341.579	0.679458	342.259	202.127	0.49911	202.626	913.036	1.3554	914.391	
868.579	1.07681	869.656	364.816	1.06097	365.877	903.481	0.924027	904.405	854.888	0.570369	855.458	856.054	0.507907	856.562	701.392	0.834586	702.226	376.405	0.687962	377.093	154.269	0.663622	154.932	837.696	1.96359	839.659	
764.407	0.99558	765.403	322.186	0.328439	322.514	850.297	2.4064	852.703	873.45	0.455709	873.906	805.708	0.553361	806.261	708.931	0.772124	709.703	358.031	0.705557	358.736	173.349	0.833413	174.183	838.311	1.97532	840.287	
798.213	1.04455	799.258	296.997	0.890597	297.887	918.802	0.915523	919.718	781.862	0.480635	782.342	737.531	0.497937	738.028	608.175	0.821097	608.996	341.39	0.787666	342.177	159.06	1.2381	160.298	832.724	1.03165	833.755	
833.808	2.88645	836.694	313.5	0.308791	313.809	860.503	0.840158	861.343	827.064	0.505561	827.57	713.144	0.997633	714.142	755.443	0.816991	756.26	359.286	0.663329	359.949	176.608	0.513479	177.121	853.353	1.02784	854.381	
844.162	0.951006	845.113	334.801	0.341928	335.143	1041.35	0.921095	1042.27	825.887	0.498523	826.385	807.742	0.495297	808.237	667.658	0.788546	668.447	327.735	0.724618	328.46	182.803	0.504681	183.308	823.023	0.958631	823.981	
843.201	1.10584	844.307	280.618	0.919042	281.537	805.946	0.836052	806.782	745.27	0.557759	745.828	700.293	0.443979	700.737	678.782	1.64073	680.423	343.862	1.73369	345.596	234.736	0.553067	235.289	835.749	1.04103	836.79	
914.751	1.18033	915.931	306.222	0.361869	306.584	1013.27	2.55537	1015.82	822.809	0.502042	823.311	759.757	0.424918	760.182	658.465	0.884439	659.349	339.796	1.251	341.047	181.785	0.507614	182.292	855.565	1.02666	856.592	
796.555	1.75715	798.312	305.774	0.321107	306.096	835.08	0.920801	836.001	751.696	0.483861	752.179	836.93	0.41788	837.348	683.265	0.792358	684.057	333.835	0.680631	334.515	169.207	0.594415	169.801	877.423	1.0859	878.509	
810.85	0.992354	811.842	290.018	0.86919	290.888	958.764	1.61082	960.375	800.367	1.02696	801.394	753.114	1.03224	754.147	664.203	0.836932	665.04	321.053	0.702038	321.755	199.759	0.602626	200.362	812.381	1.00614	813.387	
786.951	0.943382	787.894	318.625	0.630485	319.256	934.361	0.903206	935.264	797.571	1.40026	798.971	786.533	0.472424	787.005	714.208	0.770951	714.979	345.008	0.744559	345.752	163.843	0.703797	164.546	815.131	1.09851	816.229	
816.843	1.01112	817.854	305.683	0.343394	306.026	975.366	1.33282	976.698	864.057	0.514945	864.572	730.701	0.463626	731.164	749.968	0.780335	750.748	384.468	0.724031	385.192	169.166	0.52169	169.688	854.053	1.01904	855.072	
884.752	1.54249	886.295	304.66	0.470078	305.13	966.236	2.56065	968.797	738.33	0.49823	738.828	796.668	1.27417	797.942	727.574	0.707609	728.281	382.126	0.666848	382.793	182.088	1.38179	183.47	901.959	1.06391	903.023	
901.996	1.0381	903.034	322.449	0.347207	322.796	915.417	0.883852	916.301	762.302	0.496177	762.798	757.129	0.452483	757.581	630.615	0.716993	631.332	362.364	0.744559	363.108	148.866	0.468318	149.334	790.732	1.20467	791.937	
823.921	1.57533	825.496	289.773	0.31143	290.085	903.686	0.950126	904.636	833.37	0.474183	833.844	702.144	0.417293	702.562	711.15	0.790306	711.94	351.329	0.90086	352.23	170.907	0.463333	171.37	847.37	1.01787	848.388	
878.302	1.05804	879.36	399.551	0.343981	399.895	872.241	0.876228	873.118	741.394	0.453949	741.848	782.517	0.789719	783.307	731.578	0.78796	732.366	373.186	0.726671	373.913	195.276	0.674179	195.951	907.424	1.09792	908.522	
821.131	1.07505	822.206	326.601	0.351605	326.953	835.944	1.36126	837.305	836.36	0.486207	836.846	805.694	0.419932	806.114	699.247	0.772711	700.019	346.127	0.817285	346.945	175.169	0.542804	175.711	822.697	1.7677	824.465	
820.846	1.8765	822.723	359.602	0.339875	359.942	894.423	0.894996	895.318	760.195	0.456588	760.652	820.207	0.44955	820.656	733.759	0.757169	734.516	350.195	1.99409	352.189	170.917	0.50908	171.427	858.272	0.999685	859.272	
816.809	1.034	817.843	334.896	0.343101	335.239	929.552	0.934877	930.487	735.929	0.532247	736.461	811.117	0.722858	811.84	669.247	0.731069	669.978	407.011	0.989422	408	140.029	0.486207	140.515	799.287	1.16801	800.455	
815.165	1.17153	816.336	304.553	0.315243	304.869	921.057	0.841038	921.898	850.874	0.667141	851.541	885.479	0.46304	885.942	646.456	0.779162	647.235	362.211	0.741626	362.953	187.079	0.521983	187.601	787.515	1.85216	789.367	
805.97	1.0164	806.986	301.175	0.32316	301.498	871.938	0.90262	872.84	805.971	0.448084	806.419	723.315	0.455709	723.77	697.718	0.770658	698.489	348.122	0.721685	348.844	147.916	0.477409	148.393	860.318	0.943382	861.261	
786.35	1.95274	788.303	339.917	0.314656	340.232	843.951	1.10936	845.06	835.805	0.570956	836.376	831.356	1.24719	832.603	781.399	1.9111	783.31	364.211	0.657171	364.868	137.422	0.502042	137.924	803.612	0.960097	804.572	
736.961	2.87882	739.84	307.995	0.308791	308.304	948.794	0.896462	949.691	923.618	1.33252	924.951	833.902	0.463333	834.366	732.365	0.794998	733.16	410.941	0.851008	411.792	157.317	0.99382	158.311	787.628	0.968014	788.596	
718.97	0.990301	719.96	340.321	0.385915	340.707	883.42	0.85746	884.277	742.171	0.692654	742.864	748.802	0.417	749.219	690.7	0.768312	691.468	338.195	1.85392	340.048	155.454	0.499403	155.953	742.083	0.986196	743.069	
795.86	1.01259	796.873	284.536	0.336356	284.872	895.728	0.989128	896.717	800.089	0.452483	800.542	675.505	0.465972	675.971	733.76	0.760688	734.521	356.865	1.96389	358.829	155.38	0.468905	155.849	749.9	1.38736	751.287	
816.28	0.949833	817.229	298.489	0.585618	299.075	888.313	1.23077	889.543	800.128	0.524915	800.653	747.544	0.500869	748.045	681.777	0.70673	682.484	366.433	1.02168	367.454	150.95	0.492951	151.443	822.242	1.98031	824.223	
867.953	1.25071	869.204	399.973	0.352485	400.325	786.14	0.958631	787.099	728.523	0.48474	729.008	753.005	0.455709	753.46	683.494	1.46683	684.961	350.938	0.712008	351.65	184.193	0.489139	184.682	885.814	1.6592	887.473	
761.888	2.33104	764.219	334.924	0.343101	335.267	951.317	0.907898	952.225	775.713	0.471544	776.185	862.364	0.633418	862.997	684.158	0.772417	684.93	355.554	0.75101	356.305	166.98	0.506734	167.487	852.404	1.38032	853.785	
753.727	1.04602	754.773	337.021	0.795584	337.817	893.664	0.837812	894.501	888.297	0.496177	888.794	800.16	0.924027	801.084	733.695	0.777403	734.473	329.94	0.726377	330.667	184.218	0.513479	184.732	794.751	2.87032	797.621	
863.706	1.01552	864.721	337.7	0.911711	338.612	863.132	1.10115	864.233	788.291	1.26742	789.559	761.006	0.456295	761.462	788.324	0.851008	789.175	350.355	1.29939	351.654	199.97	0.665382	200.635	802.27	1.04983	803.32	
778.25	0.948074	779.199	308.436	0.310257	308.746	896.599	1.74659	898.345	768.148	2.43133	770.58	760.083	0.419932	760.503	731.98	0.738694	732.719	341.08	0.804088	341.884	146.933	0.465093	147.398	795.35	0.976812	796.327	
797.538	0.98297	798.521	341.07	0.312603	341.383	901.748	0.943382	902.691	747.977	0.461867	748.439	767.329	0.529901	767.859	716.215	0.719046	716.934	355.434	0.750717	356.185	157.078	0.537232	157.616	805.78	0.976519	806.757	
787.436	1.03165	788.467	359.094	0.349259	359.443	846.783	0.865084	847.648	862.137	0.484154	862.621	763.008	1.08414	764.092	677.504	0.725791	678.229	352.073	0.673886	352.746	183.159	1.19147	184.351	838.648	1.00262	839.651	
844.851	1.54073	846.392	313.186	0.309084	313.495	875.671	0.869483	876.54	851.324	0.480342	851.804	761.066	0.478582	761.545	618.561	0.746025	619.307	315.071	0.732829	315.804	155.347	0.524329	155.871	769.23	0.99646	770.227	
862.398	0.987662	863.386	316.852	0.478582	317.33	761.493	0.885905	762.379	740.488	0.479169	740.967	846.19	1.3205	847.51	637.834	0.769778	638.604	315.927	0.736641	316.664	164.677	0.524036	165.201	737.939	1.33751	739.277	
799.306	1.40144	800.708	299.521	0.31319	299.834	918.865	1.00731	919.873	687.275	0.48738	687.762	720.809	0.611424	721.421	753.956	0.768605	754.725	346.849	0.725204	347.574	148.838	0.532833	149.37	821.341	1.43692	822.778	
703.742	1.02402	704.766	310.362	0.338409	310.701	795.039	0.912004	795.951	733.122	0.450723	733.573	728.333	0.419932	728.753	628.312	0.755996	629.068	334.659	2.03016	336.689	147.474	0.469785	147.944	798.139	1.01845	799.157	
759.599	0.94866	760.548	347.749	0.331078	348.081	822.534	0.891477	823.425	788.85	0.468025	789.318	685.93	0.457468	686.388	583.932	0.713181	584.646	338.214	0.703211	338.917	138.025	0.468025	138.493	796.996	0.973586	797.97	
836.777	0.993527	837.771	326.405	0.325799	326.731	771.45	0.89089	772.341	712.424	0.598814	713.023	741.651	0.42785	742.079	635.18	0.705557	635.886	348.873	2.0155	350.888	152.924	0.471251	153.396	747.965	0.975346	748.94	
773.549	1.06215	774.612	318.386	0.325506	318.712	826.356	0.909365	827.265	700.957	0.474477	701.432	731.104	0.46392	731.568	682.314	0.864498	683.178	365.162	0.743972	365.906	149.511	0.512892	150.024	716.664	2.5061	719.17	
729.367	1.00907	730.376	300.455	0.326972	300.782	902.274	0.884732	903.159	689.743	0.448084	690.191	784.675	0.448377	785.123	615.878	0.795584	616.673	331.24	0.779455	332.02	157.307	0.558932	157.866	786.012	1.49909	787.511	
757.197	0.989422	758.186	289.958	0.311724	290.269	923.876	1.1337	925.01	875.68	0.804675	876.485	798.56	0.466266	799.026	692.328	0.732829	693.061	358.513	1.15305	359.666	169.352	0.529021	169.881	780.179	0.955698	781.134	
755.376	1.19147	756.567	381.46	0.309671	381.77	855.605	0.944848	856.55	746.427	0.476529	746.904	685.348	0.447791	685.796	607.926	0.723152	608.649	346.158	0.794411	346.952	172.663	0.475063	173.138	725.031	0.978278	726.009	
834.897	1.38091	836.278	287.982	0.313776	288.295	891.751	0.893823	892.645	740.645	0.509667	741.155	778.292	0.423158	778.715	624.371	0.709662	625.08	307.064	0.710542	307.774	158.827	0.468025	159.295	762.96	2.84627	765.807	
732.11	0.999685	733.11	285.298	0.321987	285.62	803.207	0.883266	804.09	684.455	0.481808	684.937	756.733	0.419053	757.152	658.625	0.70409	659.329	322.144	0.668021	322.812	147.361	0.708196	148.069	708.637	0.938396	709.575	
810.365	0.966548	811.332	292.984	0.313776	293.298	822.107	0.882386	822.99	733.28	0.485034	733.766	775.032	0.457468	775.489	660.399	0.94954	661.348	360.992	0.756582	361.748	164.659	0.5082	165.167	767.779	1.02168	768.8	
716.841	0.988835	717.83	322.058	0.329318	322.387	832.951	1.5378	834.489	775.181	0.45131	775.633	779.199	0.437234	779.637	676.128	0.700865	676.829	355.475	0.720219	356.196	133.841	0.544856	134.386	703.048	0.995873	704.044	
745.129	1.83456	746.964	306.873	0.328732	307.202	995.238	0.919628	996.157	745.799	0.486207	746.285	733.469	0.468612	733.938	576.11	0.704677	576.814	322.797	1.30994	324.107	149.738	0.484154	150.222	767.032	1.01054	768.043	
803.788	1.08649	804.875	301.937	0.644561	302.581	826.283	0.926373	827.21	679.109	0.462747	679.572	701.145	0.483567	701.628	613.216	1.20525	614.421	370.452	0.709955	371.162	171.372	0.479755	171.852	821.843	1.02109	822.864	
748.795	0.955991	749.751	307.24	0.351899	307.592	871.497	0.878867	872.376	778.219	0.500283	778.72	769.532	0.422865	769.954	627.614	0.781508	628.396	323.621	1.20701	324.828	163.225	0.488846	163.714	782.023	0.942209	782.965	
716.27	1.00731	717.278	306.309	0.338116	306.647	877.118	0.951593	878.069	714.164	0.470371	714.634	706.459	0.448084	706.907	603.586	1.60466	605.191	324.522	0.908778	325.431	139.411	0.46304	139.874	807.572	0.977692	808.55	
730.439	2.09614	732.535	281.118	0.31407	281.432	810.77	0.884145	811.654	836.752	0.502922	837.255	897.832	0.471837	898.303	706.7	0.999685	707.7	307.969	0.66069	308.63	134.301	0.497057	134.798	811.084	0.955405	812.039	
792.088	1.49205	793.58	299.725	0.329318	300.055	832.627	0.881799	833.509	669.525	0.875641	670.401	775.617	1.22666	776.843	739.96	0.709955	740.67	373.317	0.707609	374.025	150.027	0.526675	150.554	753.362	1.00936	754.371	
754.846	1.58941	756.436	319.888	0.379171	320.267	811.055	1.2554	812.31	716.422	0.456295	716.878	777.07	0.475063	777.545	574.826	0.707609	575.533	295.091	0.663329	295.754	148.786	0.468612	149.254	837.754	1.1164	838.87	
790.311	1.02373	791.335	312.585	0.362162	312.948	900.007	0.891477	900.899	686.447	0.47565	686.923	711.634	0.420812	712.055	665.62	0.708196	666.328	308.235	0.715234	308.95	160.623	0.465093	161.088	784.351	0.989422	785.34	
801.211	0.966255	802.177	282.411	0.331664	282.743	859.817	0.890597	860.707	745.65	0.488846	746.139	711.963	0.469785	712.433	589.617	0.733122	590.35	329.136	0.735761	329.872	142.576	0.465679	143.042	722.224	1.03898	723.263	
752.373	0.974173	753.347	289.467	0.47477	289.942	889.622	0.846023	890.468	728.886	0.483567	729.369	662.03	0.421692	662.451	614.85	0.732829	615.583	332.783	2.32018	335.103	184.565	0.495591	185.061	723.663	1.1554	724.818	
749.943	1.40701	751.35	305.027	0.335183	305.362	825.693	0.906432	826.599	708.163	0.516411	708.68	687.402	0.446618	687.848	737.516	0.785614	738.302	314.707	0.816698	315.523	136.311	0.463626	136.775	839.059	0.940156	839.999	
761.5	0.986782	762.487	302.045	0.33401	302.379	834.796	0.997926	835.794	752.283	0.554534	752.838	694.217	0.459228	694.676	696.683	0.706436	697.39	331.639	0.719046	332.358	139.891	1.3161	141.207	738.104	1.05834	739.162	
809.247	1.06156	810.309	322.08	0.341928	322.422	985.474	1.23135	986.706	785.388	1.64777	787.036	779.358	0.94778	780.306	667.369	2.12136	669.49	359.796	1.3768	361.173	144.912	0.465972	145.378	831.315	1.0293	832.345	
793.278	0.939276	794.217	280.95	0.382397	281.332	850.429	0.837519	851.267	775.627	0.516118	776.143	803.096	0.462453	803.559	775.485	0.792358	776.278	346.362	0.828721	347.191	169.933	0.556	170.489	851.876	1.12578	853.002	
786.669	1.03282	787.702	283.635	0.425211	284.06	861.656	0.908485	862.565	779.163	1.04748	780.21	746.306	0.415827	746.722	673.969	0.809953	674.779	315.948	0.728723	316.677	177.476	0.483567	177.959	793.13	0.985316	794.116	
788.866	0.992941	789.858	274.073	0.310551	274.384	862.311	0.916989	863.228	700.97	0.463626	701.434	713.889	0.418759	714.308	672.346	0.769778	673.116	324.543	0.70497	325.248	172.633	0.504975	173.138	778.267	1.09734	779.364	
