Using Best Grid Path: true
Using Waypoints: true
Using Best Waypoint Path: false
Heuristic: Pure Distance


0_WaypointTraversalTime	0_GridTraversalTime	0_TotalTraversalTime	1_WaypointTraversalTime	1_GridTraversalTime	1_TotalTraversalTime	2_WaypointTraversalTime	2_GridTraversalTime	2_TotalTraversalTime	3_WaypointTraversalTime	3_GridTraversalTime	3_TotalTraversalTime	4_WaypointTraversalTime	4_GridTraversalTime	4_TotalTraversalTime	5_WaypointTraversalTime	5_GridTraversalTime	5_TotalTraversalTime	6_WaypointTraversalTime	6_GridTraversalTime	6_TotalTraversalTime	7_WaypointTraversalTime	7_GridTraversalTime	7_TotalTraversalTime	8_WaypointTraversalTime	8_GridTraversalTime	8_TotalTraversalTime	
3.99728	0.863325	4.8606	0.521103	0.350139	0.871242	4.01927	0.974759	4.99403	1.86154	0.422865	2.28441	0.758048	0.343101	1.10115	2.32312	0.574475	2.89759	0.892063	0.611717	1.50378	1.35188	0.400871	1.75275	3.13864	0.823736	3.96238	
2.93953	0.803209	3.74274	0.482101	0.287677	0.769778	3.12633	0.721979	3.8483	2.13104	0.432542	2.56358	0.745439	0.346327	1.09177	2.09468	0.73928	2.83396	0.924907	0.626966	1.55187	0.770365	0.405563	1.17593	3.13982	0.794704	3.93452	
2.97999	0.790012	3.77001	0.476823	0.292956	0.769778	3.14627	0.701745	3.84801	1.82166	0.394126	2.21579	0.697639	0.331664	1.0293	2.04629	0.582979	2.62927	0.928719	0.574475	1.50319	0.780335	0.394126	1.17446	5.94591	2.42194	8.36786	
6.62596	1.90612	8.53208	0.476529	0.283865	0.760394	3.1838	0.686789	3.87059	1.75568	0.450723	2.2064	0.690015	0.323453	1.01347	2.1633	0.593536	2.75683	0.904673	0.562451	1.46712	0.885905	0.419053	1.30496	5.50428	0.885025	6.38931	
2.80111	0.802329	3.60344	0.4865	0.318468	0.804968	3.12955	0.715527	3.84508	1.82577	0.396472	2.22224	0.788839	0.359816	1.14866	2.02606	0.534593	2.56065	0.973293	0.587671	1.56096	0.772124	0.384156	1.15628	3.22075	0.777109	3.99786	
3.10492	0.906725	4.01164	0.451603	0.30234	0.753943	7.86054	1.26068	9.12121	1.82313	0.396472	2.2196	1.56214	0.841331	2.40347	2.03339	0.539578	2.57297	0.914936	0.610251	1.52519	0.780628	0.414067	1.1947	3.59611	0.766846	4.36296	
2.84451	0.869776	3.71429	0.461574	0.261578	0.723152	3.05507	0.660983	3.71605	1.8158	0.399112	2.21491	0.688548	0.329025	1.01757	2.02078	0.574181	2.59496	0.896462	0.553067	1.44953	0.773004	0.387088	1.16009	3.12985	0.765086	3.89493	
2.94363	0.806434	3.75007	0.467439	0.313776	0.781215	3.15301	0.673886	3.8269	1.82283	0.41524	2.23808	0.700572	0.350726	1.0513	2.03046	0.558053	2.58851	1.05276	0.672713	1.72548	0.779455	0.449844	1.2293	3.76561	1.93192	5.69753	
4.37087	0.946901	5.31777	0.496177	0.87916	1.37534	3.097	0.688842	3.78584	1.94307	0.440753	2.38382	0.679751	0.342515	1.02227	2.11168	0.572422	2.68411	0.895875	0.557759	1.45363	0.753356	0.418466	1.17182	3.18058	0.782388	3.96297	
6.01336	1.80319	7.81655	0.473597	0.767432	1.24103	3.18116	0.707023	3.88819	1.82254	0.395299	2.21784	0.689721	0.331958	1.02168	2.07825	0.534299	2.61255	1.27534	0.631658	1.907	0.784734	0.412894	1.19763	3.25946	0.810833	4.07029	
2.82956	0.764207	3.59376	0.476529	0.269202	0.745732	3.17647	0.710835	3.88731	1.84366	0.396766	2.24042	0.695	0.331664	1.02666	4.58025	1.26947	5.84973	0.940156	0.614063	1.55422	0.756582	0.407323	1.1639	3.10257	0.836346	3.93892	
2.93249	0.746318	3.67881	0.485034	0.268909	0.753943	3.05829	0.742213	3.80051	1.79351	0.395886	2.1894	0.699105	0.341635	1.04074	6.62303	0.734002	7.35703	1.26126	0.884732	2.146	2.08383	0.985609	3.06944	4.52336	0.89177	5.41513	
3.11899	0.815525	3.93452	0.680044	0.399698	1.07974	4.18085	0.935171	5.11602	1.79439	0.563624	2.35801	1.69967	0.804968	2.50464	5.06705	0.874468	5.94152	2.04365	1.36889	3.41254	1.11288	0.438407	1.55129	3.26415	0.845143	4.1093	
2.89466	0.815525	3.71018	0.482981	0.30146	0.784441	3.23307	0.72931	3.96238	1.90905	0.646907	2.55596	0.887078	0.37008	1.25716	2.04717	0.546029	2.5932	0.934877	0.58943	1.52431	0.937517	0.423158	1.36067	3.32222	0.862445	4.18466	
2.98909	0.84573	3.83482	0.47565	0.295302	0.770951	3.20374	0.748371	3.95211	1.79322	0.417586	2.2108	0.737228	0.338116	1.07534	2.06506	0.585325	2.65038	0.917869	0.560985	1.47885	0.78708	0.466559	1.25364	3.17647	0.790599	3.96707	
2.90316	1.00555	3.90871	0.554534	0.287384	0.841917	3.43658	1.39762	4.83421	2.5193	0.424331	2.94363	0.720219	0.337823	1.05804	2.07356	0.56685	2.64041	1.06625	0.612304	1.67856	0.997926	0.41524	1.41317	6.52303	0.847489	7.37052	
2.83308	0.786493	3.61957	0.478582	0.260405	0.738987	3.35858	0.736055	4.09463	1.79762	0.396766	2.19438	0.969481	0.346327	1.31581	2.05685	0.56861	2.62546	0.929599	0.583565	1.51316	0.756875	0.407029	1.1639	3.11489	0.826082	3.94097	
2.9014	0.94866	3.85006	0.472717	0.275067	0.747785	3.14304	0.722565	3.86561	1.84717	0.417586	2.26476	0.714941	0.349846	1.06479	5.52393	0.599401	6.12333	1.20789	0.582685	1.79058	0.772417	0.45043	1.22285	3.17706	0.841038	4.0181	
2.96269	0.794998	3.75769	0.496177	0.270082	0.766259	5.91512	0.681804	6.59693	1.83369	0.393833	2.22752	0.68327	0.392367	1.07564	2.03984	0.581512	2.62135	2.3542	1.57475	3.92895	0.771538	0.398232	1.16977	6.05618	1.6595	7.71567	
4.09551	0.966841	5.06235	0.596761	0.366854	0.963616	4.77468	1.3507	6.12538	2.23426	0.43958	2.67384	1.3985	0.424624	1.82313	2.08383	0.572715	2.65654	0.899101	0.575648	1.47475	0.767139	0.416413	1.18355	3.23072	0.868603	4.09933	
2.90786	0.788546	3.6964	0.456295	0.26715	0.723445	3.28409	0.69412	3.97821	1.81638	0.471544	2.28793	1.18942	0.502042	1.69146	2.14013	0.650133	2.79026	1.14103	0.556	1.69703	0.810247	0.452776	1.26302	4.25797	1.2117	5.46968	
3.16298	0.82051	3.98349	0.495297	0.278	0.773297	3.7093	0.727844	4.43715	1.96213	0.970947	2.93308	0.716993	0.337823	1.05482	2.26036	0.572129	2.83249	0.870656	0.559812	1.43047	0.742506	0.392074	1.13458	3.12457	0.812299	3.93687	
2.86123	0.81142	3.67265	0.460987	0.269496	0.730483	3.18175	0.72755	3.9093	1.88207	0.417293	2.29936	0.717873	0.360696	1.07857	2.05098	0.558932	2.60991	1.03898	0.582099	1.62108	1.01435	0.64808	1.66243	3.34128	0.854234	4.19551	
4.2744	1.06097	5.33537	0.533126	0.276827	0.809953	3.11137	0.707023	3.81839	1.78735	0.421399	2.20875	0.699985	0.331078	1.03106	2.17679	0.587377	2.76416	0.900567	0.587671	1.48824	0.812593	0.416707	1.2293	3.22398	0.863618	4.0876	
3.01079	0.802036	3.81282	0.497937	0.270082	0.768019	3.0929	0.729603	3.8225	1.83662	0.397645	2.23426	0.846023	0.339582	1.18561	2.25802	0.536939	2.79495	1.04719	0.689428	1.73662	0.781801	0.409962	1.19176	3.24157	0.837812	4.07938	
2.84979	0.789426	3.63922	0.479169	0.299994	0.779162	3.07266	0.680631	3.75329	1.80055	0.458348	2.2589	0.699985	0.340169	1.04015	4.98552	1.40554	6.39107	2.16007	1.42842	3.58849	0.805555	0.410255	1.21581	3.16767	0.87828	4.04595	
2.86416	0.740747	3.60491	0.464799	0.274188	0.738987	3.22691	0.728137	3.95505	1.82987	0.397645	2.22752	1.41815	0.746025	2.16418	2.04101	0.563624	2.60464	1.18443	0.842504	2.02694	0.792065	0.395593	1.18766	3.12545	0.835173	3.96062	
4.15856	0.77359	4.93215	0.476236	0.294129	0.770365	3.15712	0.708782	3.8659	1.77269	0.43958	2.21227	0.674766	0.328439	1.0032	2.10083	0.60204	2.70287	1.85128	0.583272	2.43455	0.748664	0.574181	1.32285	3.25917	0.846023	4.10519	
2.89876	0.792652	3.69142	0.474183	0.280932	0.755116	3.47119	0.726964	4.19815	1.76243	0.742213	2.50464	0.831361	0.340462	1.17182	2.03867	0.558932	2.5976	0.894702	0.551015	1.44572	0.755996	0.407909	1.1639	3.1187	1.08649	4.20519	
2.87794	0.746612	3.62456	0.613477	0.276534	0.89001	3.17501	0.664209	3.83921	1.75979	0.390607	2.15039	0.695	0.327559	1.02256	2.07562	0.535179	2.61079	0.998219	0.587084	1.5853	0.99646	0.407029	1.40349	3.1797	0.782681	3.96238	
4.99315	1.81873	6.81188	0.468905	0.280639	0.749544	3.38409	0.712301	4.09639	4.16707	0.669194	4.83626	0.705557	0.336063	1.04162	2.84539	0.572715	3.41811	1.18912	0.619635	1.80876	0.764207	0.404977	1.16918	3.12721	1.20672	4.33392	
3.02398	0.779162	3.80314	0.503215	0.270375	0.77359	3.32222	0.764207	4.08642	1.82166	0.421399	2.24306	0.69588	0.353072	1.04895	2.06213	0.536352	2.59848	0.970654	0.567143	1.5378	0.759808	0.410548	1.17036	3.64596	0.854527	4.50049	
3.11841	0.857166	3.97557	0.465386	0.319641	0.785027	3.04949	0.680044	3.72954	1.86858	0.449844	2.31843	0.717287	0.356884	1.07417	2.04952	0.55424	2.60376	0.908485	0.550428	1.45891	0.746318	0.393833	1.14015	3.15096	0.801742	3.9527	
2.92868	0.791479	3.72015	0.491485	0.279759	0.771244	3.10081	0.700278	3.80109	1.82929	0.583272	2.41256	0.978865	0.458934	1.4378	2.10963	0.563331	2.67296	0.912004	0.610837	1.52284	1.01845	0.557759	1.57621	3.14715	0.797637	3.94478	
2.9275	0.824323	3.75183	0.480342	0.311137	0.791479	3.26679	0.727257	3.99405	1.82313	0.418759	2.24189	0.718753	0.328145	1.0469	2.26066	1.03986	3.30052	0.99558	1.08619	2.08177	0.796464	0.397352	1.19382	3.9354	0.869483	4.80488	
3.11372	0.762447	3.87616	0.471544	0.298234	0.769778	3.05389	0.705557	3.75945	1.92049	0.4387	2.35919	0.70497	0.349846	1.05482	2.03603	0.53254	2.56857	0.942209	0.548375	1.49058	0.816112	0.418466	1.23458	3.06768	0.788839	3.85652	
2.81226	0.803502	3.61576	0.46304	0.274481	0.737521	3.12838	0.68327	3.81165	1.75392	0.438407	2.19233	0.709955	0.352485	1.06244	2.04981	0.536059	2.58587	0.91259	0.587084	1.49967	0.764207	0.393833	1.15804	3.19905	0.802329	4.00138	
2.81548	0.734295	3.54978	0.478289	0.275067	0.753356	3.14803	0.711422	3.85945	1.75568	0.389434	2.14512	0.701158	0.341048	1.04221	2.89319	0.796464	3.68966	1.91022	1.26038	3.17061	0.774763	0.403217	1.17798	3.1448	0.771244	3.91605	
2.86152	0.737814	3.59934	0.491485	0.271255	0.76274	3.10639	0.709369	3.81575	1.80407	0.390607	2.19467	0.686202	0.325213	1.01142	2.05304	0.577993	2.63103	0.893823	0.567437	1.46126	1.46976	1.14778	2.61754	4.39316	0.905846	5.29901	
3.01079	1.44894	4.45973	0.484447	0.298234	0.782681	3.55007	0.885905	4.43598	1.90788	0.460107	2.36798	0.69412	0.356004	1.05012	2.05479	0.572129	2.62692	0.880333	0.71582	1.59615	0.873588	0.475356	1.34894	4.68612	0.821683	5.5078	
3.21606	0.784441	4.0005	0.492365	0.288557	0.780922	3.34509	0.660396	4.00549	1.82841	0.424038	2.25244	0.690015	0.358937	1.04895	2.07268	0.553654	2.62634	1.01288	0.591776	1.60466	0.886785	0.444272	1.33106	3.1621	0.928719	4.09082	
2.99671	0.790306	3.78702	0.555707	0.329318	0.885025	3.0929	0.695	3.7879	1.86242	0.973879	2.8363	0.916403	0.355418	1.27182	2.06125	0.657171	2.71842	0.887371	0.585618	1.47299	0.804382	0.400285	1.20467	3.12574	0.811126	3.93687	
2.85419	1.28003	4.13422	0.466852	0.273894	0.740747	3.16445	0.693827	3.85828	1.84219	0.439873	2.28206	0.855993	0.340755	1.19675	2.02283	0.572715	2.59555	1.04719	0.645147	1.69234	0.772417	0.431956	1.20437	3.17911	0.796464	3.97557	
2.91255	0.938396	3.85094	0.476823	0.358643	0.835466	3.41899	0.714354	4.13334	1.8026	0.490019	2.29262	0.697639	0.327852	1.02549	2.17121	1.50994	3.68115	0.895289	0.599401	1.49469	1.3249	0.879747	2.20464	5.77319	0.960683	6.73387	
4.32835	0.758928	5.08728	0.477996	0.270962	0.748958	7.47257	0.989422	8.46199	4.3263	0.95951	5.28581	1.64747	0.875348	2.52282	2.02576	0.609958	2.63572	1.00057	0.677698	1.67826	0.771538	0.397059	1.1686	3.8574	1.01376	4.87116	
2.86416	0.831654	3.69582	0.479169	0.272135	0.751304	3.15243	0.723152	3.87558	1.7853	0.392367	2.17767	0.701158	0.323747	1.0249	2.06095	1.13751	3.19847	1.86741	1.31434	3.18175	0.746318	0.409375	1.15569	3.25506	0.815525	4.07059	
2.95917	0.772417	3.73159	0.466559	0.290023	0.756582	8.05936	1.72958	9.78894	3.6008	0.89177	4.49257	0.772124	0.332251	1.10438	2.06564	0.577114	2.64276	1.31112	0.587671	1.89879	0.76362	0.407616	1.17124	3.08087	0.770365	3.85124	
2.99436	0.746025	3.74039	1.04719	0.619342	1.66653	7.69808	1.59498	9.29306	2.15655	0.441633	2.59818	0.699105	0.343981	1.04309	2.12576	0.586498	2.71226	0.873295	0.577114	1.45041	0.76274	0.479462	1.2422	3.65359	0.815525	4.46911	
3.09466	0.829894	3.92455	0.476823	0.262751	0.739574	3.34098	0.775936	4.11692	1.76888	0.394126	2.163	0.738987	0.347793	1.08678	2.08881	0.534006	2.62282	1.04543	0.588844	1.63428	0.747491	0.461574	1.20907	3.33805	0.853647	4.1917	
2.8149	0.78532	3.60022	0.468025	0.276534	0.744559	3.27911	0.753943	4.03305	1.81961	0.425504	2.24511	0.693827	0.339289	1.03312	3.35389	0.595882	3.94977	0.918162	0.607318	1.52548	0.828135	0.397059	1.22519	3.24245	0.82139	4.06384	
3.58643	0.79969	4.38612	0.495004	0.275361	0.770365	5.37554	1.09352	6.46907	2.02371	0.472131	2.49584	0.708782	0.432542	1.14132	2.21667	0.583858	2.80053	1.02344	0.595002	1.61844	0.835173	0.410255	1.24543	3.13718	0.774177	3.91135	
3.13454	0.860392	3.99493	0.468612	0.262164	0.730776	3.15096	0.666555	3.81751	1.87269	0.443392	2.31608	0.712595	0.395886	1.10848	2.14072	0.583565	2.72428	0.865377	0.552481	1.41786	1.61375	0.810833	2.42458	3.63042	0.860685	4.49111	
2.96035	0.865964	3.82631	0.466266	0.265683	0.731949	3.17471	0.668314	3.84303	1.8419	0.431956	2.27385	0.696466	0.351019	1.04748	2.15157	0.722272	2.87384	0.897341	0.595588	1.49293	0.803209	0.409082	1.21229	5.85706	0.910831	6.76789	
2.8973	0.739867	3.63717	0.482394	0.265977	0.748371	3.18849	0.682977	3.87147	1.82108	0.419053	2.24013	0.723738	0.321987	1.04573	2.09908	0.538991	2.63807	0.931065	0.580339	1.5114	0.865964	0.424331	1.29029	4.80136	1.8504	6.65176	
7.32712	0.899687	8.2268	1.16185	0.653065	1.81492	7.27492	0.840451	8.11537	1.78677	0.57946	2.36623	0.709369	0.334597	1.04397	2.00084	0.63635	2.63719	0.871829	0.563624	1.43545	0.740453	0.390901	1.13135	3.13659	0.814645	3.95124	
2.89026	0.78796	3.67822	0.513185	0.283278	0.796464	3.19788	0.666261	3.86414	1.76419	0.390314	2.1545	0.860685	0.410548	1.27123	2.08559	0.570662	2.65625	0.892943	0.583272	1.47621	0.825789	0.431662	1.25745	3.16269	0.782974	3.94566	
2.78704	0.769485	3.55652	0.469491	0.268909	0.738401	7.69866	1.74278	9.44144	1.80231	0.416413	2.21872	0.68415	0.700278	1.38443	2.09468	0.569783	2.66446	0.861858	0.989128	1.85099	0.757755	0.463626	1.22138	3.35213	0.933998	4.28613	
3.77265	1.20994	4.98259	0.558346	0.380344	0.93869	3.43101	0.676525	4.10754	1.81932	0.431662	2.25098	0.691188	0.320521	1.01171	2.35244	0.542804	2.89525	0.916696	0.593829	1.51052	0.780922	0.397352	1.17827	4.22777	0.882679	5.11045	
3.05008	0.846903	3.89698	0.549548	0.317882	0.86743	3.61224	1.15071	4.76295	2.75361	0.656291	3.4099	1.06919	0.492072	1.56126	2.10142	0.545443	2.64686	0.902327	0.558346	1.46067	1.1032	0.596468	1.69967	3.14216	0.789719	3.93188	
2.8539	0.780042	3.63394	0.495297	0.263924	0.759221	3.12867	0.665675	3.79435	1.79234	0.39266	2.185	0.680337	0.336063	1.0164	5.16059	1.38971	6.5503	1.02285	0.577993	1.60085	0.755116	0.383276	1.13839	3.31547	0.768605	4.08408	
2.93044	0.802915	3.73335	0.745145	0.659517	1.40466	3.36796	0.670367	4.03833	1.75275	0.392953	2.1457	0.709369	0.33401	1.04338	2.03955	0.550721	2.59027	0.921388	0.630485	1.55187	0.757462	0.587084	1.34455	3.15418	0.807901	3.96209	
2.88205	0.743679	3.62573	0.458055	0.268323	0.726377	3.33805	0.661863	3.99991	1.80671	0.393833	2.20054	0.790599	0.396179	1.18678	5.18024	1.4378	6.61804	0.910538	0.59031	1.50085	1.44366	0.392367	1.83603	8.03824	1.45539	9.49364	
2.97794	0.791772	3.76971	0.47565	0.262751	0.738401	7.26113	0.860685	8.12182	2.32077	0.523449	2.84422	0.755702	0.35923	1.11493	2.44745	0.556293	3.00375	1.12021	0.603213	1.72342	0.786493	0.408202	1.1947	3.12809	0.830188	3.95827	
8.43208	2.02811	10.4602	0.492072	0.306738	0.79881	3.10375	0.70585	3.8096	1.80759	0.419053	2.22664	0.698226	0.329905	1.02813	2.1111	0.663329	2.77443	0.895875	0.567143	1.46302	0.759221	0.493538	1.25276	3.14333	0.823736	3.96707	
2.93249	0.963616	3.8961	1.2032	0.672126	1.87533	3.26855	0.758048	4.0266	1.8375	0.445738	2.28324	0.743972	0.331078	1.07505	2.05978	0.58943	2.64921	1.27182	0.89177	2.16359	0.858046	0.404097	1.26214	3.69406	0.847489	4.54155	
3.06064	0.817285	3.87792	0.561865	0.314949	0.876814	3.59142	0.73019	4.32161	1.77855	0.417293	2.19585	0.698812	0.557759	1.25657	2.08353	0.569196	2.65273	1.00672	0.615236	1.62196	0.776523	0.40351	1.18003	3.18028	0.771831	3.95211	
3.14539	0.789719	3.93511	0.946021	0.38093	1.32695	3.17237	0.716993	3.88936	3.3662	0.788839	4.15504	1.08502	0.335477	1.4205	2.02752	0.539871	2.56739	0.897928	0.555707	1.45363	1.32607	0.754236	2.08031	3.14509	0.822563	3.96766	
4.72043	1.83251	6.55294	0.472131	0.277413	0.749544	3.28615	0.66069	3.94684	3.96414	0.463626	4.42776	0.729017	0.319641	1.04866	5.75032	0.636057	6.38637	0.919042	0.567437	1.48648	1.33692	0.824029	2.16095	5.93888	1.38443	7.3233	
3.30785	0.760688	4.06853	0.458348	0.280639	0.738987	3.26826	0.711715	3.97997	2.17385	0.462747	2.6366	0.834586	0.374479	1.20907	2.02371	0.600867	2.62458	2.51226	0.770658	3.28292	0.744852	0.432542	1.17739	3.26386	0.893823	4.15768	
2.87736	1.25305	4.13041	0.54427	0.303219	0.847489	3.47617	0.706436	4.18261	1.81932	0.396472	2.21579	0.757755	0.347793	1.10555	2.32253	0.565091	2.88762	0.906432	0.583565	1.49	0.831947	0.417	1.24895	3.88995	1.29675	5.18669	
2.97736	0.804088	3.78144	0.448964	0.270375	0.719339	3.23659	0.684443	3.92103	1.85627	0.459814	2.31608	1.6768	0.432835	2.10963	2.04219	0.654238	2.69642	0.891477	0.590896	1.48237	0.766553	0.626966	1.39352	3.20785	0.889131	4.09698	
2.82575	0.73928	3.56503	0.684736	0.264217	0.948953	3.20345	0.689135	3.89259	1.87386	0.39442	2.26828	0.700278	0.349846	1.05012	2.13104	1.31317	3.44421	0.92432	0.60028	1.5246	0.769485	0.413188	1.18267	3.1709	0.835759	4.00666	
3.09378	0.750424	3.8442	0.47477	0.269496	0.744266	3.21107	0.726964	3.93804	1.83046	0.399698	2.23016	0.721685	0.348673	1.07036	2.0504	0.589723	2.64012	0.994114	0.640455	1.63457	0.964495	0.631365	1.59586	7.44881	0.95042	8.39923	
3.12427	1.52079	4.64506	0.482688	0.278	0.760688	3.14568	0.746318	3.892	4.21047	0.529021	4.73949	0.697053	0.367734	1.06479	2.08471	0.590017	2.67472	1.29968	0.635177	1.93486	0.750131	0.420519	1.17065	7.26201	1.84278	9.10479	
2.86211	0.7862	3.64831	1.0944	0.608785	1.70319	3.15096	0.721099	3.87206	1.78207	0.419639	2.20171	0.699105	0.366561	1.06567	4.76441	1.28032	6.04474	0.881506	0.564504	1.44601	0.795877	0.392953	1.18883	3.236	0.801449	4.03745	
2.86123	0.77359	3.63482	1.0771	0.389141	1.46624	3.14949	0.74104	3.89053	2.51842	0.57682	3.09524	0.768312	0.328145	1.09646	2.03427	0.582979	2.61725	0.892063	0.557173	1.44924	0.795291	0.38357	1.17886	3.13864	0.79705	3.93569	
2.90903	0.758928	3.66796	0.458055	0.260991	0.719046	4.21076	0.747785	4.95854	1.92752	0.619635	2.54716	0.98473	0.453656	1.43839	3.22339	0.621688	3.84508	0.935757	0.644268	1.58002	0.76538	0.402337	1.16772	3.35535	0.904086	4.25944	
3.86355	0.788546	4.6521	0.504095	0.273015	0.777109	3.13894	0.710249	3.84918	1.77621	0.396179	2.17239	0.709955	0.327559	1.03751	2.11022	0.53254	2.64276	1.12959	0.566264	1.69586	0.77535	0.429023	1.20437	3.16855	0.808487	3.97704	
2.97618	0.786787	3.76297	0.49735	0.269789	0.767139	3.45447	1.19704	4.65151	1.83193	0.448671	2.2806	0.705557	0.32492	1.03048	2.04131	0.598814	2.64012	0.887958	0.582099	1.47006	0.789133	0.444859	1.23399	3.26063	0.853061	4.11369	
3.00258	0.812593	3.81517	0.4865	0.270669	0.757169	3.02193	0.662156	3.68409	1.78911	0.444272	2.23338	0.70409	0.382397	1.08649	2.51666	0.540164	3.05683	0.931065	0.56773	1.49879	0.759808	0.396472	1.15628	3.21254	0.874468	4.08701	
3.18586	0.817285	4.00314	0.469785	0.287384	0.757169	3.11665	0.70497	3.82162	3.8744	0.597641	4.47205	0.698519	0.330785	1.0293	2.02576	0.617289	2.64305	2.49965	1.01933	3.51899	0.861858	0.430196	1.29205	4.92893	1.08502	6.01395	
6.83827	1.79234	8.63061	0.692947	0.396472	1.08942	3.16591	0.675645	3.84156	1.86154	0.480928	2.34247	0.764207	0.345447	1.10965	2.06271	0.539578	2.60229	0.904379	0.550721	1.4551	0.748958	0.415827	1.16478	3.26005	0.796171	4.05622	
2.92985	0.74104	3.67089	0.482981	0.269789	0.75277	3.12075	0.664795	3.78555	1.77416	0.412308	2.18646	0.678578	0.35747	1.03605	2.09321	0.548669	2.64188	0.911124	0.568903	1.48003	0.826082	0.389434	1.21552	3.26181	0.765673	4.02748	
2.93601	0.762154	3.69816	0.473304	0.266856	0.74016	3.13835	0.667434	3.80578	1.79937	0.395886	2.19526	0.7167	0.377411	1.09411	5.26792	1.36801	6.63593	0.893529	0.878574	1.7721	0.717873	0.40439	1.12226	3.0882	0.906432	3.99464	
2.85185	0.794704	3.64655	0.806141	0.347207	1.15335	4.54242	1.65099	6.19342	4.52864	0.855407	5.38405	0.703211	0.350432	1.05364	3.79992	1.06684	4.86676	0.921681	0.56773	1.48941	0.743972	0.407909	1.15188	4.00637	0.916403	4.92277	
3.3272	0.792652	4.11985	0.70409	0.280346	0.984436	3.2882	0.693534	3.98173	1.79527	0.436061	2.23133	0.796757	0.346913	1.14367	2.08617	0.604386	2.69056	0.880333	0.592949	1.47328	0.747491	0.40527	1.15276	3.26386	0.857753	4.12161	
2.98762	0.821683	3.8093	0.456295	0.266856	0.723152	3.18028	0.693827	3.87411	1.76301	0.545443	2.30845	0.703797	0.329905	1.0337	2.09145	0.562158	2.65361	0.887958	0.560399	1.44836	0.717873	0.415534	1.13341	3.17413	0.810247	3.98437	
3.21811	1.06977	4.28788	0.928426	0.709662	1.63809	3.17031	0.691774	3.86209	2.16359	0.786787	2.95038	0.699985	0.326093	1.02608	2.08852	0.557759	2.64628	0.885612	0.582685	1.4683	1.42402	0.952766	2.37678	6.17172	0.835466	7.00718	
6.57992	1.38824	7.96816	0.482394	0.370667	0.853061	4.47117	0.734882	5.20605	1.81316	0.400285	2.21344	0.700865	0.348673	1.04954	2.35186	0.578873	2.93073	0.894116	0.60292	1.49704	1.53428	0.897341	2.43162	5.37672	1.99028	7.367	
3.09495	0.808194	3.90314	0.468318	0.278	0.746318	3.18586	0.736055	3.92191	1.78559	0.415534	2.20113	0.707023	0.3475	1.05452	3.07295	0.608491	3.68145	2.15215	1.38472	3.53687	1.73486	0.94866	2.68352	7.51274	0.803209	8.31595	
2.9797	0.814352	3.79405	0.477996	0.283865	0.761861	3.21166	0.713181	3.92484	1.82166	0.494418	2.31608	0.687669	0.342515	1.03018	2.01814	0.56773	2.58587	0.952472	0.604093	1.55656	0.774763	0.402337	1.1771	3.29201	0.885025	4.17704	
2.99202	0.809367	3.80138	0.470664	0.315829	0.786493	3.12369	0.667728	3.79141	1.77797	0.441633	2.2196	1.81404	0.378878	2.19291	2.61285	0.562158	3.17501	0.920508	0.76362	1.68413	1.3073	0.600867	1.90817	3.86883	0.872122	4.74095	
2.98821	0.790599	3.7788	0.465386	0.550428	1.01581	3.15624	0.695293	3.85153	3.63834	1.02461	4.66295	0.71758	0.324333	1.04191	2.05538	0.533126	2.58851	0.89265	0.592656	1.48531	0.79969	0.414361	1.21405	3.16943	0.790892	3.96033	
4.409	0.746025	5.15502	0.547789	0.812593	1.36038	6.47757	0.688842	7.16642	1.79146	0.424331	2.21579	0.757169	0.38357	1.14074	2.03603	0.553067	2.58909	2.36212	1.59234	3.95446	0.792065	0.40527	1.19734	3.13102	0.899101	4.03012	
2.85448	0.794998	3.64948	0.883559	0.409962	1.29352	9.25112	2.01667	11.2678	4.59756	1.02608	5.62363	1.72606	0.951593	2.67766	2.50522	0.59119	3.09641	1.22695	0.571542	1.7985	0.882386	0.412894	1.29528	3.55447	0.849835	4.4043	
4.78905	1.00232	5.79137	1.01611	0.381224	1.39733	3.24011	0.689135	3.92924	2.86152	0.475356	3.33688	0.723445	0.353658	1.0771	2.05362	0.572715	2.62634	0.889424	0.559519	1.44894	0.785027	0.588257	1.37328	3.10814	0.831947	3.94009	
2.86299	0.78532	3.64831	0.908778	0.499989	1.40877	3.14392	0.82315	3.96707	1.80436	0.390607	2.19497	0.689135	0.400578	1.08971	2.02078	0.585325	2.6061	0.882972	0.615823	1.49879	0.784734	0.418173	1.20291	3.19847	0.770365	3.96883	
2.88205	0.739574	3.62162	0.457175	0.270962	0.728137	7.72857	1.78207	9.51065	1.83222	0.425797	2.25802	0.699399	0.357764	1.05716	2.19145	0.600867	2.79232	0.852768	0.54515	1.39792	0.836932	0.400871	1.2378	3.09553	0.766553	3.86209	
2.95448	0.743386	3.69787	1.2378	0.777696	2.0155	9.03998	2.13544	11.1754	1.80377	0.394126	2.1979	0.975932	0.503215	1.47915	2.47707	0.640162	3.11724	0.96127	0.608785	1.57005	0.802036	0.442806	1.24484	3.9398	0.947487	4.88729	
2.90668	0.792065	3.69875	0.480048	0.305565	0.785614	6.99721	1.71287	8.71008	1.80876	0.455709	2.26447	1.21992	0.803795	2.02371	2.24834	0.610251	2.85859	0.929306	0.590896	1.5202	0.825202	0.412894	1.2381	3.0797	0.768312	3.84801	
3.21547	0.819924	4.0354	0.497057	0.275361	0.772417	3.07794	0.670953	3.74889	1.80495	0.416707	2.22165	0.711128	0.33401	1.04514	2.20699	0.581806	2.7888	0.922561	0.593242	1.5158	0.75101	0.412894	1.1639	3.15712	0.806434	3.96355	
