Using Best Grid Path: true
Using Waypoints: true
Using Best Waypoint Path: true
Heuristic: Pure Distance


0_WaypointTraversalTime	0_GridTraversalTime	0_TotalTraversalTime	1_WaypointTraversalTime	1_GridTraversalTime	1_TotalTraversalTime	2_WaypointTraversalTime	2_GridTraversalTime	2_TotalTraversalTime	3_WaypointTraversalTime	3_GridTraversalTime	3_TotalTraversalTime	4_WaypointTraversalTime	4_GridTraversalTime	4_TotalTraversalTime	5_WaypointTraversalTime	5_GridTraversalTime	5_TotalTraversalTime	6_WaypointTraversalTime	6_GridTraversalTime	6_TotalTraversalTime	7_WaypointTraversalTime	7_GridTraversalTime	7_TotalTraversalTime	8_WaypointTraversalTime	8_GridTraversalTime	8_TotalTraversalTime	
11.0942	0.346327	11.4405	0.502922	0.516704	1.01963	6.77053	0.193544	6.96407	13.3883	0.493538	13.8818	17.1193	0.538991	17.6583	44.0348	1.19587	45.2307	13.0381	0.67242	13.7106	0.249262	0.325213	0.574475	1.33663	0.374479	1.71111	
9.8429	0.296768	10.1397	0.51993	0.541924	1.06185	6.80748	0.179468	6.98695	17.2345	1.30202	18.5366	14.2384	0.494418	14.7328	42.8797	0.811126	43.6909	18.2923	2.50669	20.799	0.878867	0.700278	1.57915	1.44601	0.39354	1.83955	
14.2844	0.357177	14.6416	0.528728	0.531367	1.06009	8.0447	0.183867	8.22856	12.7018	0.430196	13.132	12.4458	0.530487	12.9763	43.2178	0.815525	44.0334	13.4548	0.699105	14.1539	0.249262	0.318468	0.56773	1.94219	0.568023	2.51021	
14.6111	0.46392	15.075	0.994114	0.761274	1.75539	10.1886	0.245449	10.4341	14.8135	0.728723	15.5422	18.2653	0.775643	19.0409	44.8779	0.902033	45.78	14.9803	0.699692	15.68	0.251901	0.321107	0.573008	1.40935	0.373306	1.78266	
10.0476	0.337529	10.3851	0.519344	0.496177	1.01552	6.98284	0.182108	7.16495	12.3901	0.516704	12.9068	14.6513	0.579753	15.2311	42.8935	0.828135	43.7216	13.5537	0.666261	14.2199	0.239291	0.360696	0.599987	1.45774	0.372719	1.83046	
10.0728	0.339289	10.4121	0.501749	0.495297	0.997046	7.66054	0.241637	7.90218	13.0836	0.451896	13.5355	23.1133	0.535179	23.6485	54.5566	0.910244	55.4668	13.6739	0.663622	14.3375	0.223456	0.404977	0.628432	1.42783	0.374772	1.8026	
12.9686	0.306738	13.2754	0.502629	0.53342	1.03605	6.8849	0.179175	7.06407	21.9397	0.476236	22.4159	12.6493	0.492365	13.1417	51.4766	2.91108	54.3877	27.5334	0.892356	28.4258	0.346034	0.419932	0.765966	1.84805	0.517877	2.36593	
13.8411	0.457468	14.2985	0.708196	0.721392	1.42959	9.90184	0.264804	10.1666	13.6326	0.467145	14.0997	12.6596	0.52081	13.1804	42.853	0.92432	43.7774	26.4458	0.743679	27.1894	0.285331	0.333131	0.618462	1.43839	0.446325	1.88471	
9.97046	0.298527	10.269	0.523449	0.526088	1.04954	8.9435	0.192078	9.13558	14.5	0.476823	14.9768	18.9624	0.958337	19.9207	46.2096	0.906432	47.116	14.9554	0.70585	15.6612	0.278586	0.323747	0.602333	1.36331	0.695293	2.05861	
9.87633	0.351899	10.2282	0.509667	0.51084	1.02051	6.99193	0.179468	7.1714	12.2821	0.467732	12.7499	12.9411	0.495297	13.4364	42.88	0.826082	43.7061	29.9337	0.779455	30.7131	0.245743	0.362749	0.608491	1.61463	0.381224	1.99585	
12.8537	0.317589	13.1713	0.51084	0.559226	1.07007	7.12624	0.182987	7.30923	12.9595	0.432835	13.3924	12.8082	0.497937	13.3062	42.997	0.872122	43.8691	13.3947	0.709076	14.1038	0.57858	0.325799	0.904379	1.40525	0.378291	1.78354	
16.7674	0.59031	17.3577	0.899981	0.90086	1.80084	9.72443	0.20762	9.93205	12.7384	0.506734	13.2452	16.8108	1.06508	17.8759	48.5119	0.924614	49.4365	14.663	0.663915	15.3269	0.328732	0.408789	0.737521	1.41082	0.413774	1.82459	
10.1966	0.350432	10.547	0.50996	0.565091	1.07505	7.42125	0.196183	7.61743	12.5021	0.429316	12.9314	12.8713	0.539871	13.4111	42.978	0.850128	43.8281	13.1862	1.94805	15.1343	0.257179	0.670367	0.927546	1.41786	0.390607	1.80847	
20.9591	0.344861	21.3039	0.49823	0.527261	1.02549	7.78136	0.227268	8.00863	14.7686	0.436941	15.2055	14.4114	0.499989	14.9114	53.9032	0.860392	54.7636	13.6971	0.680337	14.3774	0.223162	0.399991	0.623154	1.40525	0.375359	1.78061	
10.0042	0.297941	10.3021	0.523156	0.511426	1.03458	6.98841	0.205861	7.19427	12.4382	0.426677	12.8648	17.5571	0.931652	18.4888	50.2112	1.39557	51.6068	14.3346	0.938983	15.2736	0.226388	0.392367	0.618755	1.4117	0.373892	1.78559	
10.4068	0.344567	10.7514	0.516411	0.519637	1.03605	10.8309	0.182987	11.0138	27.8815	0.807021	28.6885	12.5247	0.519344	13.044	51.3282	0.86743	52.1957	13.1994	1.02373	14.2232	0.273894	0.309671	0.583565	1.41815	0.389141	1.80729	
10.2822	0.323747	10.6059	0.635177	0.531367	1.16654	8.86697	0.467439	9.3344	13.1941	0.565677	13.7598	12.4129	1.15393	13.5669	49.24	0.826375	50.0664	13.2493	0.643388	13.8927	0.235772	0.446325	0.682097	1.44836	0.374479	1.82283	
9.94436	0.297354	10.2417	0.51905	0.507614	1.02666	6.81334	0.180641	6.99399	12.5082	0.437527	12.9458	12.7349	0.513772	13.2487	44.0231	1.19821	45.2213	22.5142	0.66069	23.1749	0.226388	0.349259	0.575648	1.40877	0.398232	1.807	
10.1681	0.32404	10.4922	0.53078	0.522863	1.05364	6.75616	0.179762	6.93592	12.6071	0.454242	13.0613	17.509	0.527848	18.0369	55.7484	0.850422	56.5988	13.2346	0.713474	13.9481	0.24457	0.307032	0.551601	1.42695	0.370667	1.79762	
21.3708	0.931358	22.3022	1.4812	1.47768	2.95888	12.295	0.314363	12.6094	21.9875	0.521983	22.5095	20.3782	0.548669	20.9268	50.559	0.882972	51.442	13.8507	0.704677	14.5554	0.26715	0.329025	0.596175	1.42108	0.412308	1.83339	
10.3001	0.301753	10.6018	0.533713	0.531953	1.06567	6.99838	0.181228	7.17961	12.534	0.444272	12.9783	12.3338	0.491192	12.8249	44.2087	0.875348	45.0841	15.1425	1.58237	16.7249	0.278	0.345447	0.623447	1.65392	1.03253	2.68645	
10.1417	0.338409	10.4801	0.495591	0.563038	1.05863	7.02976	0.20938	7.23914	13.7188	0.477409	14.1962	13.4748	0.566557	14.0413	43.1137	0.812006	43.9257	13.6812	0.643681	14.3249	0.274481	0.812006	1.08649	1.9938	0.399405	2.3932	
16.3985	0.333717	16.7322	0.528141	0.527555	1.0557	7.03621	0.178295	7.21451	12.4423	0.503215	12.9455	15.531	0.551308	16.0824	55.4094	0.875348	56.2847	20.5377	1.96477	22.5025	0.709369	0.875055	1.58442	1.6551	0.374772	2.02987	
10.1696	0.327266	10.4968	0.531367	0.52169	1.05306	6.91158	0.178295	7.08988	12.254	0.420812	12.6748	12.8804	1.56917	14.4495	93.4484	0.83224	94.2807	15.3762	0.679458	16.0557	0.258352	0.31407	0.572422	1.36038	0.371253	1.73163	
10.0447	0.318175	10.3628	0.514945	0.575941	1.09089	7.07258	0.200875	7.27345	12.1992	0.47389	12.673	12.5689	0.825202	13.3941	42.7516	1.04778	43.7994	16.1645	0.643388	16.8079	0.228148	0.367734	0.595882	1.38413	0.369787	1.75392	
9.88542	0.296181	10.1816	0.497057	0.498816	0.995873	6.90249	0.199116	7.10161	13.2883	0.438407	13.7267	22.759	0.525209	23.2843	49.4145	0.864204	50.2787	13.4455	0.718166	14.1636	0.248968	0.413188	0.662156	1.40378	0.396179	1.79996	
10.1144	0.373013	10.4875	0.611717	0.740747	1.35246	7.24471	0.181228	7.42594	12.2455	0.424918	12.6704	12.564	0.516704	13.0807	42.9959	0.877401	43.8733	14.2428	0.968014	15.2108	0.45131	0.553067	1.00438	1.69293	1.0859	2.77883	
11.3836	0.315536	11.6992	0.528434	0.529314	1.05775	8.41595	0.198529	8.61448	12.3742	0.427557	12.8018	12.6399	0.767432	13.4073	63.5913	1.6592	65.2505	26.5068	0.709369	27.2161	0.259818	0.329318	0.589137	2.05773	0.627553	2.68528	
11.0901	0.311724	11.4018	0.504975	0.505268	1.01024	6.92624	0.180055	7.1063	12.4502	0.455415	12.9056	17.209	0.560399	17.7694	49.7549	0.825789	50.5807	13.2827	0.741626	14.0243	0.263631	0.317002	0.580633	1.44073	0.923441	2.36417	
10.2866	0.414947	10.7015	0.537818	0.509667	1.04748	7.02302	0.236945	7.25996	12.1807	0.420812	12.6015	12.5842	0.53166	13.1158	43.0513	0.822856	43.8741	26.1282	0.724031	26.8522	0.227561	0.355418	0.582979	1.49	0.401751	1.89175	
11.5191	0.318175	11.8373	0.727844	0.690015	1.41786	11.1487	0.618755	11.7675	13.4129	0.434302	13.8472	13.3378	0.688548	14.0264	51.3526	0.84573	52.1983	13.5264	0.880626	14.407	0.239584	0.390314	0.629899	1.38003	0.395886	1.77592	
9.94436	0.305859	10.2502	0.518464	0.532833	1.0513	6.82918	0.179175	7.00835	12.388	0.480342	12.8683	14.8619	0.498523	15.3604	60.4958	0.989715	61.4855	13.6463	0.743679	14.39	0.367441	0.32492	0.692361	1.40759	0.401458	1.80905	
10.0203	0.358937	10.3792	0.558053	0.553067	1.11112	7.50336	0.211432	7.71479	14.2874	0.931652	15.219	13.376	0.538991	13.915	43.2873	0.813766	44.1011	13.4628	1.75979	15.2225	0.262751	0.316709	0.57946	1.41903	0.399405	1.81844	
16.6856	0.567437	17.253	0.51084	0.505268	1.01611	15.7844	0.204688	15.9891	12.7584	0.499989	13.2584	13.9396	1.19206	15.1316	43.5454	0.881506	44.4269	13.4868	0.698812	14.1856	0.299994	0.309964	0.609958	1.42196	0.372133	1.7941	
10.0447	0.62374	10.6684	0.488553	0.514945	1.0035	6.69634	0.178589	6.87493	12.2581	0.414067	12.6722	25.5481	1.01669	26.5648	43.4384	1.82342	45.2618	31.2386	1.9592	33.1978	1.11259	1.09616	2.20875	1.71287	0.407909	2.12078	
9.87281	0.518757	10.3916	0.525209	1.09059	1.6158	6.85411	0.197356	7.05146	12.8613	0.421399	13.2827	21.433	0.534886	21.9679	44.3571	0.863325	45.2204	13.7669	0.682097	14.449	0.245743	0.321107	0.56685	3.17207	0.964789	4.13686	
18.3105	0.558932	18.8694	1.32167	0.867723	2.1894	14.0721	0.329905	14.402	19.0201	0.463333	19.4835	13.1361	0.546029	13.6821	44.087	0.861565	44.9486	14.1938	0.700865	14.8947	0.251314	0.320521	0.571835	1.41903	0.402631	1.82166	
10.4229	0.337823	10.7608	0.503215	0.499403	1.00262	7.85731	0.180641	8.03795	12.3176	0.492658	12.8103	12.7956	0.535179	13.3308	57.1536	0.945141	58.0988	13.7707	0.721685	14.4924	0.224335	0.401458	0.625793	1.46712	0.411135	1.87826	
10.3728	0.332544	10.7053	0.516998	0.514065	1.03106	7.53972	0.183281	7.723	12.61	0.425797	13.0358	12.7842	0.495884	13.2801	42.6384	1.32402	43.9624	13.4126	0.680337	14.093	0.241051	0.37096	0.61201	1.41023	0.432835	1.84307	
10.1505	0.302046	10.4526	0.526675	0.522276	1.04895	6.72332	0.195597	6.91891	12.3244	0.473597	12.798	14.3141	0.504975	14.819	47.5348	0.84485	48.3796	13.539	0.890304	14.4293	0.222869	0.375945	0.598814	1.36859	0.417293	1.78589	
10.1086	0.968894	11.0775	1.67856	1.49176	3.17031	17.0316	0.215538	17.2471	20.9075	0.575061	21.4825	17.9067	0.548375	18.455	60.9597	0.972413	61.9321	14.0818	0.685323	14.7671	0.251021	0.336943	0.587964	1.40349	0.439873	1.84336	
10.2473	0.354538	10.6018	0.538698	0.575648	1.11435	6.76818	0.202928	6.97111	12.3947	0.437527	12.8323	12.5777	0.534299	13.112	43.0363	0.816991	43.8533	13.9434	0.679751	14.6231	0.222869	0.395299	0.618169	1.36595	0.41524	1.78119	
9.98014	0.923734	10.9039	0.513772	0.529901	1.04367	6.66848	0.257766	6.92624	12.7018	0.89001	13.5918	24.4206	1.08473	25.5053	72.6187	0.824029	73.4427	13.4985	0.703504	14.202	0.242224	0.304979	0.547202	1.42842	0.41524	1.84366	
9.92266	0.320521	10.2432	0.603506	0.635764	1.23927	6.67874	0.180055	6.8588	12.3021	0.479462	12.7815	12.6484	0.682097	13.3305	48.3438	0.851008	49.1948	20.0612	0.713181	20.7743	0.483567	0.319934	0.803502	1.69117	0.483861	2.17503	
24.1722	0.440167	24.6124	0.627259	0.675939	1.3032	8.40217	0.232546	8.63471	14.0205	0.477116	14.4976	12.8217	0.763913	13.5856	48.0101	0.883852	48.894	14.0293	0.647493	14.6768	0.263924	0.307032	0.570956	1.40877	0.373306	1.78207	
10.0115	0.296768	10.3083	0.503802	0.511426	1.01523	7.97637	0.201462	8.17783	12.3525	0.41612	12.7686	15.4249	0.541044	15.9659	54.6513	0.846903	55.4982	20.2629	1.67768	21.9406	0.607905	0.760101	1.36801	3.47441	0.537525	4.01194	
12.5118	0.299114	12.8109	0.548962	0.507907	1.05687	6.82097	0.180055	7.00102	12.3006	0.42697	12.7276	13.3587	0.492951	13.8516	42.8774	0.801449	43.6788	15.4404	1.70788	17.1483	0.619928	0.484154	1.10408	1.41669	0.373306	1.78999	
16.8888	0.322867	17.2117	0.518757	0.649546	1.1683	6.8239	0.181814	7.00572	12.3625	0.425211	12.7877	19.5465	0.492951	20.0395	43.1604	2.02547	45.1858	25.5232	0.941036	26.4642	0.746318	0.691481	1.4378	1.38736	0.412308	1.79967	
10.0265	0.332251	10.3587	0.489432	0.517291	1.00672	6.93885	0.182401	7.12126	12.2496	0.464506	12.7141	12.942	0.538405	13.4804	51.2235	0.856287	52.0798	13.4839	0.654531	14.1384	0.256886	0.312897	0.569783	1.42196	0.372426	1.79439	
9.9948	0.298234	10.293	0.501749	0.598228	1.09998	7.17287	0.194131	7.367	12.3232	0.440753	12.7639	12.6745	0.487673	13.1622	46.3562	1.70905	48.0652	13.1798	0.642801	13.8226	0.248382	0.398818	0.6472	1.36742	0.399112	1.76653	
10.1916	0.958631	11.1502	0.498523	0.522276	1.0208	7.228	0.187386	7.41538	13.4249	0.471544	13.8965	15.3293	1.33692	16.6662	45.7096	0.842797	46.5524	13.3886	0.655998	14.0446	0.334304	0.438407	0.772711	1.99145	0.578873	2.57033	
11.1446	0.331664	11.4763	0.518757	0.953645	1.4724	6.8849	0.201755	7.08665	12.537	0.419932	12.9569	12.4516	0.50996	12.9616	42.7507	0.822856	43.5736	18.4788	1.06977	19.5486	0.742799	1.04485	1.78765	1.43164	0.441633	1.87327	
11.1927	0.345447	11.5382	0.507614	0.596175	1.10379	7.31978	0.205274	7.52506	19.7312	0.520517	20.2518	16.958	0.536352	17.4943	43.3079	0.82315	44.131	13.6308	0.67242	14.3032	0.505268	0.572715	1.07798	1.55715	0.412015	1.96917	
10.4924	0.337823	10.8303	0.533713	0.539285	1.073	9.99011	0.360989	10.3511	23.5614	0.833413	24.3948	12.8942	1.24132	14.1355	50.2755	0.872122	51.1476	13.1968	0.968308	14.1651	0.26451	0.315829	0.580339	1.42871	0.39266	1.82137	
12.6276	0.330785	12.9584	0.504975	0.493831	0.998806	9.35141	0.182401	9.53381	12.1343	0.460987	12.5953	20.1946	0.541044	20.7356	50.4696	0.819631	51.2892	38.7053	1.95802	40.6634	0.759808	0.873295	1.6331	4.39287	1.14514	5.538	
20.1046	0.346034	20.4506	0.510253	0.519344	1.0296	7.3016	0.19589	7.49749	19.8811	0.499403	20.3805	13.1678	0.540751	13.7085	43.2873	0.844263	44.1316	13.4241	0.725204	14.1493	0.233719	0.372133	0.605852	1.42666	0.41524	1.8419	
10.2171	0.297354	10.5144	0.529021	0.504975	1.034	6.77522	0.199996	6.97522	25.4209	1.20437	26.6252	13.6894	0.61289	14.3023	63.7359	0.88092	64.6168	13.612	0.678578	14.2906	0.265683	0.350726	0.616409	1.38795	0.380344	1.76829	
10.6443	0.340462	10.9848	0.585618	0.51993	1.10555	7.11568	0.20938	7.32506	12.4393	0.473597	12.9129	12.4373	0.490605	12.9279	55.0264	1.62841	56.6548	19.4043	1.173	20.5773	0.444859	0.368027	0.812886	1.41551	0.385622	1.80113	
10.0734	0.371253	10.4446	0.505561	0.534006	1.03957	6.76027	0.179762	6.94003	18.5245	1.24279	19.7673	13.1897	0.502629	13.6924	44.6334	0.881506	45.5149	13.2534	0.967135	14.2205	0.277707	0.31231	0.590017	1.36859	0.380051	1.74864	
9.91973	0.2997	10.2194	0.503215	0.512306	1.01552	6.89897	0.179175	7.07815	13.3988	1.41434	14.8132	16.6167	0.553947	17.1706	55.4607	1.26859	56.7293	23.7708	0.721099	24.4919	0.23284	0.356884	0.589723	1.36595	0.893236	2.25919	
14.1818	0.299994	14.4818	0.5082	0.501456	1.00966	6.79897	0.180348	6.97932	12.3367	1.08561	13.4223	12.4282	0.516411	12.9446	61.2805	0.828721	62.1092	19.1412	0.991181	20.1324	0.359523	0.444272	0.803795	1.9979	0.701158	2.69906	
14.527	0.674766	15.2017	0.796464	0.737228	1.53369	7.19985	0.182987	7.38283	12.188	0.425504	12.6135	12.6085	0.492365	13.1009	43.1202	0.851301	43.9715	13.4469	0.642215	14.0891	0.269496	1.22431	1.49381	1.41346	0.374772	1.78823	
9.90331	0.299114	10.2024	0.490605	0.521103	1.01171	7.0846	0.194424	7.27902	12.4009	0.445152	12.8461	23.0599	0.510253	23.5702	55.2091	1.0686	56.2777	13.3607	0.687669	14.0484	0.235186	0.364215	0.599401	1.44777	0.400578	1.84835	
10.0405	0.893529	10.9341	1.50906	1.50437	3.01343	7.27609	0.179762	7.45585	12.1399	0.416707	12.5566	12.6153	0.487086	13.1024	47.2081	0.860392	48.0685	16.5659	0.66069	17.2266	0.224629	0.387382	0.61201	1.41903	0.372719	1.79175	
20.0538	0.344861	20.3987	0.54339	0.60028	1.14367	7.07668	0.190612	7.26729	24.2206	0.484447	24.705	12.4862	0.495591	12.9818	43.6293	0.875934	44.5052	13.271	0.667434	13.9384	0.234306	0.373892	0.608198	1.41111	0.796757	2.20787	
10.2194	0.349846	10.5693	1.18179	1.4768	2.65859	7.22096	0.199702	7.42066	12.9763	0.468318	13.4446	13.3575	0.557759	13.9152	49.2655	1.20027	50.4658	13.5167	0.714647	14.2314	0.250728	0.317882	0.56861	1.52841	0.42785	1.95626	
10.5001	0.358057	10.8581	0.54339	0.524915	1.06831	7.3236	0.195597	7.51919	12.6112	0.424624	13.0358	12.5716	0.517291	13.0889	42.8513	0.83312	43.6844	14.1408	0.644268	14.785	0.265977	0.338116	0.604093	1.37152	0.372719	1.74424	
10.6411	0.526382	11.1675	0.49911	0.662156	1.16127	14.166	0.202635	14.3686	16.0381	0.437821	16.4759	12.8578	0.542217	13.4	57.2653	0.829894	58.0952	13.2167	0.69412	13.9108	0.222576	0.374479	0.597055	1.45803	0.660983	2.11902	
13.3584	0.343688	13.7021	0.508787	0.500283	1.00907	6.87903	0.178882	7.05791	12.3478	0.461867	12.8097	12.7012	0.897928	13.5991	63.3171	0.87828	64.1954	13.6179	0.765966	14.3839	0.235772	0.381517	0.617289	1.39616	0.380344	1.7765	
14.517	0.31143	14.8284	0.560692	0.78796	1.34865	6.77962	0.201169	6.98079	12.4774	0.431662	12.9091	12.6906	0.90174	13.5924	53.122	0.847196	53.9692	13.6246	0.668607	14.2932	0.234599	0.377411	0.61201	1.38648	0.375359	1.76184	
9.94378	0.299114	10.2429	0.516998	0.524329	1.04133	8.87342	0.60028	9.4737	13.8091	0.434302	14.2434	23.7969	0.525795	24.3226	46.492	0.884732	47.3767	13.5906	0.642215	14.2328	0.246916	0.362749	0.609664	1.36742	0.416413	1.78383	
12.122	0.297648	12.4197	0.516411	0.513479	1.02989	6.70895	0.179175	6.88812	12.527	0.420226	12.9472	12.493	0.485913	12.9789	48.3201	1.49528	49.8154	22.357	0.663329	23.0203	0.231373	0.359816	0.59119	1.38677	0.376238	1.76301	
10.1039	0.330785	10.4347	0.540164	0.524915	1.06508	7.28401	0.204101	7.48811	12.6733	0.449844	13.1232	12.5232	0.517584	13.0408	54.5531	0.842211	55.3953	13.3299	0.636643	13.9666	0.234306	0.360696	0.595002	1.47299	0.426091	1.89908	
10.0156	0.327852	10.3435	0.510253	0.517877	1.02813	6.96173	0.201169	7.1629	13.4669	0.661863	14.1287	18.0844	0.577407	18.6618	46.5342	1.24044	47.7746	15.1756	0.663915	15.8395	0.258645	0.329905	0.58855	1.37592	0.373892	1.74982	
9.8602	0.298527	10.1587	0.511133	0.49735	1.00848	6.66555	0.179175	6.84472	12.3959	0.423158	12.8191	12.2821	0.510546	12.7927	43.1604	0.88004	44.0404	22.4986	0.70409	23.2027	0.272135	0.347207	0.619342	2.42663	0.584152	3.01079	
20.7004	0.525209	21.2256	0.581512	0.874468	1.45598	8.90391	0.226975	9.13089	12.1763	0.457468	12.6337	12.4367	0.543097	12.9798	42.4877	1.92752	44.4152	15.5451	0.638696	16.1838	0.222283	0.850715	1.073	4.07528	1.00496	5.08024	
9.89656	0.464799	10.3614	1.48912	1.51874	3.00785	11.5531	0.187093	11.7402	12.2525	0.450137	12.7027	12.917	0.492072	13.4091	56.8598	0.98297	57.8427	13.9434	0.649546	14.5929	0.476529	0.318175	0.794704	1.4246	0.61201	2.03661	
9.97603	0.2997	10.2757	0.558346	0.504095	1.06244	6.91246	0.208207	7.12067	12.359	0.42961	12.7886	12.5358	0.514065	13.0499	43.5545	0.885318	44.4398	13.1953	0.665088	13.8604	0.249262	0.327559	0.57682	1.42167	0.391194	1.81286	
9.986	0.334304	10.3203	0.504388	0.509667	1.01405	6.9327	0.205861	7.13856	14.4402	0.463333	14.9035	12.5041	0.682097	13.1862	42.6709	1.45158	44.1225	13.5554	0.743679	14.2991	0.235772	0.738987	0.974759	1.45539	0.373306	1.8287	
10.1493	0.303513	10.4529	0.502335	0.526968	1.0293	6.7893	0.180641	6.96994	12.1786	0.432835	12.6115	13.0807	0.492072	13.5727	42.8809	0.814059	43.695	14.2396	1.05804	15.2976	0.24281	0.624913	0.867723	1.78706	0.398818	2.18588	
13.5525	0.319348	13.8718	0.504681	0.531953	1.03663	11.2499	0.55512	11.805	13.268	0.49735	13.7654	12.7616	0.565384	13.327	47.5239	0.869483	48.3934	13.5818	0.674766	14.2566	0.223162	0.659223	0.882386	4.15886	1.17475	5.33361	
11.4986	0.297941	11.7965	0.502042	1.18003	1.68208	6.75118	0.189146	6.94032	12.6563	0.41612	13.0724	12.6088	0.535179	13.144	87.8087	1.04807	88.8567	15.6815	0.743972	16.4255	0.344274	0.360403	0.704677	1.49029	0.413188	1.90348	
10.2775	0.338702	10.6162	0.499989	0.504681	1.00467	6.88695	0.182108	7.06906	13.3405	0.518757	13.8592	12.634	0.935171	13.5692	42.814	0.826962	43.641	13.6085	0.669487	14.278	0.245449	0.394126	0.639576	1.74512	1.77474	3.51987	
14.2806	0.382397	14.663	0.676232	0.699692	1.37592	13.4636	0.272428	13.7361	19.2389	0.448964	19.6878	12.7824	0.495004	13.2774	52.376	0.844263	53.2203	13.3144	0.680044	13.9944	0.247209	0.365975	0.613183	1.91286	0.388261	2.30112	
9.90947	0.307032	10.2165	0.51993	0.52081	1.04074	7.02683	0.213485	7.24031	12.3496	0.416707	12.7663	12.9534	0.503802	13.4572	49.0588	1.0991	50.1579	25.03	0.694413	25.7244	0.224922	0.376532	0.601453	1.36918	0.489726	1.8589	
10.0259	0.320814	10.3467	0.523742	0.525502	1.04924	6.8198	0.180348	7.00014	12.3358	0.534593	12.8704	12.7607	0.533126	13.2939	42.834	0.890304	43.7243	14.0328	0.713474	14.7463	0.238998	0.657464	0.896462	1.42666	0.377705	1.80436	
17.6067	0.448377	18.055	0.985316	0.668021	1.65334	10.774	0.373892	11.1479	24.8517	0.471251	25.3229	13.8023	0.582685	14.385	43.8747	2.59027	46.465	16.9903	0.676525	17.6668	0.246329	0.365095	0.611424	1.40584	0.40615	1.81198	
10.1895	0.325799	10.5153	0.502042	0.540751	1.04279	6.79487	0.180055	6.97492	12.6534	0.422865	13.0763	12.3892	0.534886	12.9241	45.989	0.87828	46.8673	14.6836	1.69117	16.3747	0.626673	0.793531	1.4202	3.62632	0.59119	4.21751	
13.5229	0.355418	13.8783	0.527848	0.562745	1.09059	12.6707	0.20762	12.8783	12.2792	0.553947	12.8332	12.4279	0.491778	12.9197	42.9906	0.800863	43.7914	13.7519	0.640749	14.3927	0.240757	0.31143	0.552188	1.39	0.371546	1.76155	
9.95463	0.297941	10.2526	0.516118	0.502335	1.01845	6.97404	0.180348	7.15439	12.3557	0.430783	12.7865	13.5531	0.960097	14.5132	47.5471	0.831654	48.3787	13.6959	0.844263	14.5402	0.2997	0.73928	1.03898	1.37035	0.409962	1.78031	
9.89832	0.297354	10.1957	0.502335	0.507321	1.00966	11.0071	0.321107	11.3282	30.5392	1.12226	31.6615	13.4965	0.55424	14.0507	45.4817	0.931652	46.4134	13.7088	0.665675	14.3745	0.417586	0.659517	1.0771	1.78413	0.680337	2.46446	
9.79451	0.307325	10.1018	0.513772	1.16948	1.68325	7.00425	0.187973	7.19222	12.7956	0.469785	13.2654	13.0892	0.554827	13.644	42.8548	0.851595	43.7064	13.7985	0.646614	14.4451	0.224629	0.401458	0.626086	1.42812	0.374186	1.80231	
9.87516	0.295595	10.1708	0.481221	0.526675	1.0079	7.31803	0.180055	7.49808	12.3443	0.481808	12.8261	12.8771	0.538405	13.4155	45.7521	1.46976	47.2219	14.5985	0.760101	15.3586	0.227854	0.392953	0.620808	2.77853	0.50996	3.28849	
9.8775	0.324626	10.2021	0.503802	0.525795	1.0296	11.1892	0.180348	11.3696	12.7296	0.438407	13.168	12.7191	0.516118	13.2352	43.7709	0.846903	44.6178	24.944	0.736641	25.6807	0.224335	0.382397	0.606732	1.43252	0.389141	1.82166	
9.83557	0.321401	10.157	0.490605	0.495297	0.985903	7.04237	0.177709	7.22008	13.0041	0.676525	13.6806	15.8436	1.52401	17.3677	65.6942	0.90086	66.5951	14.0191	0.703797	14.7229	0.333131	0.506441	0.839571	1.83808	0.443979	2.28206	
11.569	0.361283	11.9302	0.617289	0.563331	1.18062	7.21451	0.783854	7.99836	12.1349	0.422278	12.5572	12.5839	0.491192	13.0751	43.3812	2.16359	45.5448	23.898	1.43721	25.3352	0.366854	0.318468	0.685323	1.468	0.471837	1.93984	
15.7844	0.316416	16.1008	0.915523	0.586204	1.50173	6.80865	0.183281	6.99193	19.5134	0.450723	19.9641	12.4423	0.659517	13.1018	46.5835	0.829601	47.4131	13.2689	0.656877	13.9258	0.227561	0.374186	0.601747	1.4246	0.945728	2.37033	
9.93175	0.297941	10.2297	0.491778	0.521983	1.01376	6.92566	0.177122	7.10278	12.332	0.417293	12.7493	15.1425	0.838985	15.9815	50.1476	1.52284	51.6704	15.602	0.706143	16.3082	0.280053	0.564211	0.844263	1.3988	0.375652	1.77445	
10.1256	0.370667	10.4963	0.517291	0.502335	1.01963	7.15674	0.209966	7.3667	12.5074	0.471837	12.9792	12.6364	0.496764	13.1331	43.7014	0.873588	44.575	13.4739	0.671247	14.1452	0.26451	0.331371	0.595882	1.98354	0.929306	2.91284	
11.7044	0.39266	12.0971	0.568903	0.539871	1.10877	7.14647	0.271255	7.41773	12.1516	0.461867	12.6135	13.1235	0.57858	13.7021	43.9395	0.918455	44.858	13.8519	0.768019	14.6199	0.239291	0.361283	0.600574	1.43193	0.373892	1.80583	
10.293	0.319348	10.6124	0.540458	0.514358	1.05482	6.95469	0.179762	7.13445	12.6088	0.419932	13.0288	12.4678	0.492658	12.9604	48.2855	1.92899	50.2145	14.6683	0.755409	15.4237	0.238411	0.337236	0.575648	1.40378	0.440753	1.84454	
