Using Best Grid Path: true
Using Waypoints: true
Using Best Waypoint Path: false
Heuristic: Pure Distance


0_WaypointTraversalTime	0_GridTraversalTime	0_TotalTraversalTime	1_WaypointTraversalTime	1_GridTraversalTime	1_TotalTraversalTime	2_WaypointTraversalTime	2_GridTraversalTime	2_TotalTraversalTime	3_WaypointTraversalTime	3_GridTraversalTime	3_TotalTraversalTime	4_WaypointTraversalTime	4_GridTraversalTime	4_TotalTraversalTime	5_WaypointTraversalTime	5_GridTraversalTime	5_TotalTraversalTime	6_WaypointTraversalTime	6_GridTraversalTime	6_TotalTraversalTime	7_WaypointTraversalTime	7_GridTraversalTime	7_TotalTraversalTime	8_WaypointTraversalTime	8_GridTraversalTime	8_TotalTraversalTime	
0.311724	0.353072	0.664795	0.409962	0.462747	0.872709	0.171844	0.192664	0.364508	0.200582	0.479755	0.680337	0.255127	0.53078	0.785907	0.592949	0.789426	1.38238	0.328732	0.816991	1.14572	0.113194	0.388261	0.501456	0.0621688	0.352192	0.414361	
0.346913	0.332251	0.679164	0.492072	0.454829	0.946901	0.197063	0.216711	0.413774	0.278586	0.474477	0.753063	0.281226	0.516118	0.797344	0.784441	0.77535	1.55979	0.345447	0.603213	0.94866	0.120819	0.315829	0.436648	0.064808	0.408202	0.47301	
0.326093	0.327852	0.653945	0.408789	0.497937	0.906725	0.297354	0.198236	0.495591	0.252487	0.482394	0.734882	0.27888	0.543977	0.822856	0.58943	0.788546	1.37798	0.497937	0.594709	1.09265	0.192958	0.522569	0.715527	0.0621688	0.402044	0.464213	
0.468612	0.331958	0.800569	0.440753	0.48562	0.926373	0.217004	0.191198	0.408202	0.275067	0.476529	0.751597	0.309964	0.496764	0.806728	0.665675	0.780042	1.44572	0.346034	0.620808	0.966841	0.0914936	0.389434	0.480928	0.0665675	0.351899	0.418466	
0.284451	0.33577	0.620221	0.420812	0.458055	0.878867	0.245743	0.193251	0.438994	0.242224	0.505268	0.747491	0.338116	0.872415	1.21053	0.819924	0.941915	1.76184	0.39178	0.910244	1.30202	0.187093	0.560399	0.747491	0.075365	0.418173	0.493538	
0.282105	0.33489	0.616996	0.413481	0.485034	0.898514	0.180348	0.193251	0.373599	0.508494	0.524036	1.03253	0.348673	0.518171	0.866844	0.634591	0.846316	1.48091	0.345447	0.593242	0.93869	0.109382	0.319641	0.429023	0.0627553	0.345154	0.407909	
0.269789	0.339875	0.609664	0.410255	0.643681	1.05394	0.40527	0.202342	0.607612	0.277413	0.502042	0.779455	0.283865	0.618755	0.90262	0.60204	0.767726	1.36977	0.339875	0.650426	0.990301	0.105863	0.309378	0.41524	0.0604093	0.321987	0.382397	
0.28973	0.325799	0.615529	0.422278	0.455709	0.877987	0.158941	0.187973	0.346913	0.202635	0.458934	0.661569	0.412308	0.816991	1.2293	0.680631	0.814939	1.49557	0.33489	0.577407	0.912297	0.0876814	0.348966	0.436648	0.063635	0.343394	0.407029	
0.301753	0.331371	0.633124	0.409082	0.447791	0.856873	0.177122	0.191198	0.368321	0.22023	0.469198	0.689428	0.239584	0.4865	0.726084	0.586498	0.733415	1.31991	0.332251	0.638403	0.970654	0.118473	0.307032	0.425504	0.060116	0.360403	0.420519	
0.281519	0.351019	0.632538	0.499696	0.459228	0.958924	0.240757	0.190025	0.430783	0.272428	0.547496	0.819924	0.252194	0.494711	0.746905	0.58855	0.736641	1.32519	0.320228	0.56773	0.887958	0.0988249	0.306738	0.405563	0.063635	0.553361	0.616996	
0.299114	0.336356	0.63547	0.420226	0.482981	0.903206	0.258939	0.191198	0.450137	0.220816	0.491192	0.712008	0.262458	0.597934	0.860392	0.594415	0.782095	1.37651	0.338409	0.599694	0.938103	0.0891477	0.399405	0.488553	0.0700865	0.387382	0.457468	
0.35835	0.32316	0.68151	0.472717	1.12578	1.5985	0.2302	0.256886	0.487086	0.218177	0.486793	0.70497	0.341342	0.53166	0.873002	0.588257	0.788839	1.3771	0.399991	0.606439	1.00643	0.134894	0.333717	0.468612	0.076538	0.388261	0.464799	
0.331664	0.329905	0.661569	0.464213	0.444565	0.908778	0.180641	0.19589	0.376532	0.222869	0.486793	0.709662	0.265977	0.507614	0.77359	0.607318	0.792065	1.39938	0.408202	0.585618	0.99382	0.0891477	0.343688	0.432835	0.062462	0.423745	0.486207	
0.268323	0.337236	0.605559	0.407616	0.452776	0.860392	0.173897	0.198529	0.372426	0.246036	0.480635	0.726671	0.40439	0.514065	0.918455	0.61201	0.785027	1.39704	0.34574	0.598521	0.944261	0.104103	0.322867	0.42697	0.065981	0.348086	0.414067	
0.269789	0.325506	0.595295	0.428143	0.458055	0.886198	0.315829	0.361576	0.677405	0.214072	0.576527	0.790599	0.283865	0.499403	0.783268	0.69324	0.78796	1.4812	0.406736	0.59119	0.997926	0.112901	0.492951	0.605852	0.0653945	0.381517	0.446911	
0.323453	0.33401	0.657464	0.479755	0.451017	0.930772	0.180641	0.19765	0.378291	0.212019	0.798223	1.01024	0.256006	0.505561	0.761567	0.68239	0.856287	1.53868	0.396472	0.603213	0.999685	0.104103	0.412894	0.516998	0.0639283	0.402337	0.466266	
0.302633	0.449257	0.75189	0.448377	0.477996	0.926373	0.157475	0.194424	0.351899	0.199702	0.505854	0.705557	0.280932	0.506734	0.787666	0.604386	0.779455	1.38384	0.353658	0.587671	0.941329	0.102344	0.309378	0.411721	0.0785907	0.338409	0.417	
0.273308	0.377998	0.651306	0.5082	0.463626	0.971827	0.186213	0.19765	0.383863	0.249555	0.484447	0.734002	0.323453	0.516411	0.839865	0.639283	0.801156	1.44044	0.347207	0.582979	0.930185	0.106449	0.315829	0.422278	0.0662742	0.375359	0.441633	
0.28797	0.337529	0.6255	0.431076	0.445738	0.876814	0.166272	0.191492	0.357764	0.217884	0.507614	0.725498	0.275067	0.488553	0.76362	0.612304	0.757755	1.37006	0.338702	0.616996	0.955698	0.0988249	0.311724	0.410548	0.0674472	0.385329	0.452776	
0.283865	0.334304	0.618169	0.427557	0.446618	0.874175	0.177416	0.18416	0.361576	0.212605	0.53078	0.743386	0.309084	0.799983	1.10907	0.821977	0.792065	1.61404	0.353365	0.70673	1.06009	0.104103	0.31407	0.418173	0.065981	0.342221	0.408202	
0.309378	0.331078	0.640455	0.419932	0.445445	0.865377	0.172724	0.191198	0.363922	0.220816	0.470958	0.691774	0.26451	0.506441	0.770951	1.1466	1.11611	2.26271	0.394713	0.858339	1.25305	0.102051	0.339289	0.44134	0.0607025	0.40439	0.465093	
0.297648	0.375652	0.673299	0.434008	0.451896	0.885905	0.178002	0.190612	0.368614	0.228148	0.503508	0.731656	0.273601	0.516704	0.790306	0.639576	0.744852	1.38443	0.340755	0.572422	0.913177	0.0876814	0.335477	0.423158	0.0686202	0.341342	0.409962	
0.289143	0.322574	0.611717	0.429316	0.443099	0.872415	0.285038	0.25542	0.540458	0.208793	0.842211	1.051	0.281812	0.50996	0.791772	0.604386	0.730483	1.33487	0.33577	0.629605	0.965375	0.112314	0.303806	0.41612	0.0615823	0.338996	0.400578	
0.277707	0.331371	0.609078	0.412308	0.446032	0.858339	0.208793	0.190319	0.399112	0.22111	0.462747	0.683856	0.262458	1.15452	1.41698	0.616409	0.761861	1.37827	0.340755	0.563624	0.904379	0.0826962	0.324333	0.407029	0.058943	0.350726	0.409669	
0.288557	0.343688	0.632245	0.447791	0.438407	0.886198	0.185627	0.189439	0.375065	0.229027	0.526088	0.755116	0.286797	0.499403	0.7862	0.59119	0.74192	1.33311	0.426384	0.587964	1.01435	0.109968	0.304686	0.414654	0.0656877	0.340169	0.405856	
0.285038	0.331078	0.616116	0.412894	0.44134	0.854234	0.202342	0.184454	0.386795	0.214951	0.459228	0.674179	0.26539	0.486207	0.751597	0.56861	0.714647	1.28326	0.327559	0.555413	0.882972	0.107916	0.303219	0.411135	0.0653945	0.340462	0.405856	
0.284158	0.345154	0.629312	0.410842	0.449257	0.860099	0.179468	0.187386	0.366854	0.214658	0.464506	0.679164	0.586498	0.528728	1.11523	0.608785	0.77359	1.38238	0.348086	0.561865	0.909951	0.0824029	0.363922	0.446325	0.0580633	0.496764	0.554827	
0.4387	0.409962	0.848662	0.421105	0.445445	0.86655	0.180055	0.182108	0.362162	0.351605	0.455415	0.807021	0.252194	1.22959	1.48179	0.665382	0.874468	1.53985	0.38357	0.571835	0.955405	0.112314	0.302633	0.414947	0.123165	0.771831	0.894996	
0.48474	0.611717	1.09646	0.423451	0.486793	0.910244	0.167738	0.46128	0.629019	0.187679	0.555707	0.743386	0.216124	1.30613	1.52225	1.47416	1.94131	3.41547	0.838692	1.39264	2.23133	0.329025	0.682683	1.01171	0.301753	0.738107	1.03986	
0.717287	0.75189	1.46918	1.05394	1.08209	2.13602	0.46392	0.437234	0.901154	0.568903	0.44046	1.00936	0.311724	0.487673	0.799396	0.630192	0.759808	1.39	0.403804	0.687375	1.09118	0.0988249	0.361283	0.460107	0.0850422	0.391487	0.476529	
0.333131	0.319934	0.653065	0.489432	0.436061	0.925493	0.214365	0.182694	0.397059	0.280053	0.469785	0.749837	0.300873	0.481515	0.782388	0.679164	0.734295	1.41346	0.374772	0.569783	0.944555	0.192078	0.30234	0.494418	0.0618755	0.894702	0.956578	
0.263337	0.329905	0.593242	1.0903	1.34132	2.43162	0.438114	0.538112	0.976225	0.560692	0.952179	1.51287	0.228148	0.575648	0.803795	0.601453	0.761274	1.36273	0.343981	0.603213	0.947194	0.0894409	0.407323	0.496764	0.0618755	0.492365	0.55424	
0.752183	0.93693	1.68911	0.516998	0.479755	0.996753	0.145745	0.327559	0.473304	0.904673	1.19176	2.09644	0.275654	1.51551	1.79116	0.637816	0.769192	1.40701	0.333424	1.70964	2.04306	0.284158	0.861272	1.14543	0.152783	1.01904	1.17182	
1.17651	1.10995	2.28646	1.31317	1.41405	2.72721	0.285918	0.544856	0.830774	0.582685	1.36713	1.94981	0.445152	0.526675	0.971827	0.596761	0.924614	1.52138	0.392367	0.633418	1.02578	0.0868017	0.348966	0.435768	0.0592363	0.379757	0.438994	
0.237825	1.07886	1.31669	0.422278	0.454242	0.876521	0.222869	0.230787	0.453656	0.258939	0.550428	0.809367	0.368321	0.517291	0.885612	0.610837	0.780628	1.39147	0.903206	1.13077	2.03397	0.0838692	0.349259	0.433129	0.0592363	0.363922	0.423158	
0.299994	0.319348	0.619342	0.414361	0.443099	0.85746	0.175656	0.195304	0.37096	0.229027	0.471544	0.700572	0.276827	0.498816	0.775643	0.60204	0.74016	1.3422	0.327266	0.626086	0.953352	0.132548	0.294129	0.426677	0.058943	0.357177	0.41612	
0.236359	0.799396	1.03575	0.437234	0.460107	0.897341	0.271548	0.579166	0.850715	0.179762	0.593829	0.77359	0.241344	0.562745	0.804088	0.632831	0.758928	1.39176	0.325213	0.631658	0.956871	0.0859219	0.377998	0.46392	0.0583565	0.368027	0.426384	
0.237238	0.38181	0.619048	0.481515	0.461867	0.943382	0.187679	0.189146	0.376825	0.220523	0.468905	0.689428	0.273308	0.487673	0.760981	0.608198	0.714354	1.32255	0.317589	0.564211	0.881799	0.107036	0.700572	0.807607	0.060116	0.343688	0.403804	
0.24457	0.377705	0.622274	0.415534	0.443392	0.858926	0.195597	0.189732	0.385329	0.215245	0.464213	0.679458	0.261285	0.4865	0.747785	0.586791	0.759221	1.34601	0.322574	0.590603	0.913177	0.136361	0.299994	0.436354	0.0689135	0.33489	0.403804	
0.267443	0.331958	0.599401	0.416707	0.46128	0.877987	0.177416	0.183574	0.360989	0.2302	0.484447	0.714647	0.269789	0.508787	0.778576	0.604386	0.787666	1.39205	0.342221	0.562745	0.904966	0.11642	0.802036	0.918455	0.0703797	0.34662	0.417	
0.286504	0.342515	0.629019	0.431076	0.443392	0.874468	0.169791	0.189732	0.359523	0.231373	0.89177	1.12314	0.831947	1.44132	2.27327	1.81374	2.58704	4.40079	0.312603	0.583272	0.895875	0.0967721	0.2997	0.396472	0.0574768	0.348966	0.406443	
0.284745	0.317882	0.602626	0.549548	0.462453	1.012	0.17243	0.195304	0.367734	0.225802	0.478289	0.70409	0.256299	0.501456	0.757755	0.599694	0.765086	1.36478	0.360696	0.577993	0.93869	0.0894409	0.332544	0.421985	0.064808	0.345447	0.410255	
0.366268	0.331078	0.697346	0.434302	0.444859	0.87916	0.179468	0.212605	0.392074	0.236652	0.495004	0.731656	0.280639	0.492072	0.772711	0.609664	0.713768	1.32343	0.765966	0.708782	1.47475	0.0906139	0.338409	0.429023	0.0727257	0.347793	0.420519	
0.394126	0.337529	0.731656	0.42697	0.448964	0.875934	0.185333	0.188852	0.374186	0.236945	0.477116	0.714061	0.273601	0.486207	0.759808	0.59031	0.720806	1.31112	0.329025	0.56685	0.895875	0.0838692	0.330785	0.414654	0.0586498	0.35747	0.41612	
0.287677	0.329905	0.617582	0.439873	0.44134	0.881213	0.173897	0.193251	0.367148	0.212019	0.896462	1.10848	0.246622	0.508494	0.755116	1.25657	1.83926	3.09583	0.860979	0.572422	1.4334	0.126097	0.352192	0.478289	0.064808	0.393247	0.458055	
0.271548	0.328145	0.599694	0.594709	0.505854	1.10056	0.336063	0.40527	0.741333	0.323747	0.502629	0.826375	0.229907	0.564797	0.794704	0.641042	0.758048	1.39909	0.358643	0.599107	0.957751	0.10293	0.35835	0.46128	0.0618755	0.361576	0.423451	
0.28797	0.333717	0.621688	0.889717	0.830188	1.7199	0.402631	0.47477	0.877401	0.209086	0.596468	0.805555	0.277707	0.619928	0.897635	1.20731	1.0859	2.29321	0.60116	1.41082	2.01198	0.236359	0.754823	0.991181	0.0891477	0.548962	0.63811	
0.294129	0.340755	0.634884	0.423745	0.479462	0.903206	0.157475	0.223749	0.381224	0.189732	0.560692	0.750424	0.259818	0.709369	0.969187	0.879747	0.779749	1.6595	0.312603	0.655704	0.968308	0.109968	0.324626	0.434595	0.0630485	0.508494	0.571542	
0.517877	0.329612	0.847489	0.586204	0.472424	1.05863	0.208793	0.196183	0.404977	0.225215	0.492951	0.718166	0.389141	0.637523	1.02666	0.863911	1.03048	1.89439	0.436941	0.801449	1.23839	0.114954	0.464213	0.579166	0.0835759	0.793825	0.877401	
0.435768	0.448084	0.883852	0.453069	0.46304	0.916109	0.167445	0.202928	0.370373	0.281226	0.649253	0.930479	0.40351	0.653945	1.05746	0.617289	0.730483	1.34777	0.407323	0.614063	1.02139	0.0888544	0.442806	0.53166	0.0961856	0.424918	0.521103	
0.347207	0.440753	0.78796	0.569783	0.629899	1.19968	0.170671	0.202342	0.373013	0.272135	0.642215	0.91435	0.286504	0.505561	0.792065	0.724911	0.752183	1.47709	0.32228	0.584445	0.906725	0.0970654	0.310257	0.407323	0.0621688	0.435475	0.497643	
0.352485	0.435181	0.787666	0.517877	0.502922	1.0208	0.164513	0.256593	0.421105	0.265097	0.630778	0.895875	0.333717	0.594122	0.927839	0.716114	0.817871	1.53398	0.405856	0.991181	1.39704	0.106743	0.414947	0.52169	0.0645147	0.37184	0.436354	
0.271255	0.33489	0.606145	0.418466	0.5082	0.926666	0.173017	0.194717	0.367734	0.21847	0.488846	0.707316	0.516118	0.58855	1.10467	0.620808	0.768605	1.38941	0.358643	0.590603	0.949247	0.145451	0.308498	0.453949	0.0583565	0.370667	0.429023	
0.284451	0.343981	0.628432	0.424624	0.446032	0.870656	0.180935	0.187679	0.368614	0.227268	0.471544	0.698812	0.269789	0.494418	0.764207	0.591483	0.712008	1.30349	0.333717	0.575354	0.909071	0.0973586	0.316416	0.413774	0.0618755	0.319348	0.381224	
0.273308	0.331078	0.604386	0.40527	0.443099	0.848369	0.156595	0.1868	0.343394	0.208793	0.463333	0.672126	0.263337	0.507907	0.771244	0.621688	0.714647	1.33634	0.326093	0.563331	0.889424	0.103517	0.302633	0.40615	0.0609958	0.328145	0.389141	
0.26451	0.346327	0.610837	0.412601	0.448084	0.860685	0.165979	0.18504	0.351019	0.25542	0.560985	0.816405	0.247209	0.487086	0.734295	0.592069	0.763034	1.3551	0.345154	0.552188	0.897341	0.0909071	0.304392	0.395299	0.062462	0.329025	0.391487	
0.280932	0.342515	0.623447	0.414947	0.440167	0.855114	0.163926	0.370667	0.534593	0.248675	0.494711	0.743386	0.247209	0.508787	0.755996	0.610251	0.716993	1.32724	0.581512	1.34513	1.92664	0.329025	0.711422	1.04045	0.262458	0.70673	0.969187	
0.706436	0.74192	1.44836	1.0771	1.05159	2.12869	0.468612	0.432542	0.901154	0.561572	1.07007	1.63164	0.665675	1.19909	1.86477	1.58941	1.33809	2.9275	0.345154	0.605559	0.950713	0.0888544	0.371546	0.460401	0.0703797	0.507027	0.577407	
0.509667	0.375065	0.884732	0.629605	0.445738	1.07534	0.137827	0.224922	0.362749	0.180935	1.27035	1.45129	0.217884	0.604093	0.821977	0.62462	0.753356	1.37798	1.23956	1.03312	2.27268	0.0929599	0.395006	0.487966	0.0630485	0.439287	0.502335	
0.308205	0.358937	0.667141	0.470371	0.469491	0.939863	0.158941	0.247209	0.40615	0.194717	1.32373	1.51844	0.453363	0.941622	1.39498	1.06948	1.44601	2.51549	0.920801	1.25423	2.17503	0.134308	0.317882	0.45219	0.0630485	0.669194	0.732242	
0.280932	0.349259	0.630192	0.699105	0.846316	1.54542	0.282985	0.349846	0.632831	0.357177	0.88004	1.23722	0.440167	0.915816	1.35598	0.804675	0.77623	1.5809	0.511426	0.61201	1.12344	0.118766	0.389728	0.508494	0.0715527	0.388555	0.460107	
0.341928	0.327559	0.669487	0.509373	0.465972	0.975346	0.180935	0.200875	0.38181	0.20762	0.483274	0.690894	0.471544	1.21493	1.68647	0.944848	0.870069	1.81492	0.341928	0.616116	0.958044	0.102051	0.310551	0.412601	0.0703797	0.342515	0.412894	
0.264804	0.328439	0.593242	0.424331	0.502042	0.926373	0.179762	0.187093	0.366854	0.417	0.535179	0.952179	0.26539	0.5082	0.77359	0.615823	0.78708	1.4029	0.336063	0.586498	0.922561	0.222576	0.781508	1.00408	0.15161	0.700572	0.852181	
0.598814	0.758342	1.35716	0.446911	0.451017	0.897928	0.146624	0.249262	0.395886	0.18592	0.517877	0.703797	0.265977	0.520223	0.7862	0.626966	0.783854	1.41082	0.34662	0.573595	0.920215	0.0868017	0.352485	0.439287	0.062462	0.371546	0.434008	
0.261578	0.345154	0.606732	0.428437	0.448377	0.876814	0.148384	0.233133	0.381517	0.200289	0.495004	0.695293	0.259818	0.511719	0.771538	0.596761	0.762447	1.35921	0.351019	0.58943	0.940449	0.110848	0.295888	0.406736	0.0633418	0.511719	0.575061	
0.280932	0.319348	0.60028	0.409962	0.456882	0.866844	0.202048	0.182694	0.384742	0.24369	0.467732	0.711422	0.259525	0.515531	0.775057	0.603213	0.783268	1.38648	0.323453	0.561865	0.885318	0.236945	0.404977	0.641922	0.0627553	0.434302	0.497057	
0.448377	0.947487	1.39586	1.87151	0.812006	2.68352	1.04162	1.8897	2.93132	0.223456	0.586204	0.80966	0.865671	1.2205	2.08617	0.690015	0.869776	1.55979	0.536939	0.921681	1.45862	0.15161	0.660396	0.812006	0.0665675	0.980038	1.04661	
0.480048	0.565677	1.04573	0.438114	0.725204	1.16332	0.192958	0.44955	0.642508	0.444859	0.902327	1.34719	0.683563	0.872415	1.55598	1.83427	0.824909	2.65918	0.352192	0.583858	0.93605	0.272428	0.61289	0.885318	0.0595295	0.371546	0.431076	
0.295302	0.338702	0.634004	0.414654	0.454536	0.86919	0.187093	0.200582	0.387675	0.235479	0.541337	0.776816	0.249262	0.475943	0.725204	0.627846	0.737814	1.36566	0.347207	0.571542	0.918749	0.120232	0.299407	0.419639	0.0692067	0.375065	0.444272	
0.304979	0.329612	0.634591	0.446032	0.478875	0.924907	0.173897	0.196183	0.37008	0.224042	0.487673	0.711715	0.46392	0.533126	0.997046	0.608491	0.759221	1.36771	0.330491	0.563038	0.893529	0.0879747	0.329612	0.417586	0.058943	0.350726	0.409669	
0.293835	0.328439	0.622274	0.430783	0.617289	1.04807	0.31231	0.437234	0.749544	0.23108	0.476236	0.707316	0.27624	0.954525	1.23077	1.04836	1.22783	2.2762	0.447498	0.584738	1.03224	0.0950126	0.463333	0.558346	0.063635	0.585031	0.648666	
0.511426	0.51084	1.02227	1.87386	0.752183	2.62604	0.487966	0.390314	0.87828	0.632245	0.537818	1.17006	0.259525	0.501456	0.760981	0.607025	0.760394	1.36742	0.351312	0.59119	0.942502	0.0885612	0.321987	0.410548	0.0736055	0.535472	0.609078	
0.287677	0.332837	0.620515	1.14602	0.556586	1.7026	0.210846	0.213485	0.424331	0.259232	0.635177	0.894409	0.438407	0.532247	0.970654	0.69412	0.798223	1.49234	0.532833	0.689721	1.22255	0.132255	0.331958	0.464213	0.0727257	0.48474	0.557466	
0.364802	0.342515	0.707316	1.04279	1.03106	2.07386	0.204394	0.303513	0.507907	0.296768	0.503215	0.799983	0.330198	0.51084	0.841038	0.662742	0.807901	1.47064	0.441926	0.609078	1.051	0.106156	0.402924	0.50908	0.0686202	0.346913	0.415534	
0.584152	0.812006	1.39616	0.666848	0.788253	1.4551	0.344567	0.243983	0.58855	0.243103	0.517584	0.760688	0.253954	0.514358	0.768312	0.764793	1.0818	1.84659	0.428143	0.593829	1.02197	0.0897341	0.326093	0.415827	0.0668607	0.356884	0.423745	
0.270962	0.332251	0.603213	0.41788	0.463333	0.881213	0.166272	0.196183	0.362456	0.661569	0.639576	1.30115	0.268909	0.495297	0.764207	0.57946	0.756289	1.33575	0.328439	0.56861	0.897048	0.0859219	0.354245	0.440167	0.0642215	0.331371	0.395593	
0.273308	0.329905	0.603213	0.407029	0.487086	0.894116	0.153076	0.186506	0.339582	0.212605	0.460401	0.673006	0.32492	0.616116	0.941036	0.595295	0.825496	1.42079	0.326093	0.61201	0.938103	0.0879747	0.333424	0.421399	0.0768312	0.315536	0.392367	
0.292956	0.333717	0.626673	0.40615	0.49823	0.904379	0.167152	0.185333	0.352485	0.203515	0.464506	0.668021	0.263044	0.541924	0.804968	0.600867	0.778869	1.37974	0.498523	0.589723	1.08825	0.0923734	0.561572	0.653945	0.0709662	0.358057	0.429023	
0.283278	0.338996	0.622274	0.411721	0.448671	0.860392	0.172137	0.190905	0.363042	0.236359	0.493245	0.729603	0.241637	0.496764	0.738401	0.586498	0.736348	1.32285	0.331958	0.570956	0.902913	0.106743	0.295302	0.402044	0.0574768	0.507027	0.564504	
0.263631	0.326093	0.589723	0.451603	0.474477	0.92608	0.155129	0.195304	0.350432	0.222869	0.487673	0.710542	0.446325	0.523449	0.969774	0.614063	1.21258	1.82665	0.333424	0.596761	0.930185	0.0882679	0.330491	0.418759	0.060116	0.37184	0.431956	
0.290023	0.331078	0.621101	0.41524	0.488259	0.9035	0.168618	0.1868	0.355418	0.238118	0.489139	0.727257	0.279466	0.541631	0.821097	0.644854	0.754823	1.39968	0.34574	0.564504	0.910244	0.0821097	0.333424	0.415534	0.0618755	0.382983	0.444859	
0.353072	0.372719	0.725791	0.451603	0.476236	0.927839	0.342515	0.549255	0.89177	0.216418	0.491192	0.707609	0.532833	1.10701	1.63985	1.36859	1.62929	2.99788	0.697053	0.604093	1.30115	0.0906139	0.365095	0.455709	0.0738987	0.323453	0.397352	
0.257472	0.320814	0.578287	0.898808	0.845143	1.74395	0.37096	0.386502	0.757462	0.731949	1.06391	1.79586	0.319641	0.543097	0.862738	0.943968	0.825202	1.76917	0.387088	0.643681	1.03077	0.0909071	0.330198	0.421105	0.0630485	0.348673	0.411721	
0.291783	0.341342	0.633124	0.508494	0.494124	1.00262	0.179175	0.199116	0.378291	0.479169	0.610544	1.08971	0.445445	0.613183	1.05863	0.66069	0.807607	1.4683	0.414654	0.61201	1.02666	0.128736	0.326093	0.454829	0.073019	0.424038	0.497057	
0.519637	1.04866	1.56829	0.486207	0.492365	0.978571	0.18504	0.202928	0.387968	0.215831	0.522569	0.738401	0.257179	0.508787	0.765966	0.838398	0.816698	1.6551	0.628139	0.748078	1.37622	0.29061	0.426091	0.7167	0.141346	0.542217	0.683563	
0.733709	0.363922	1.09763	0.48562	0.496764	0.982384	0.287677	0.251608	0.539285	0.422865	0.570076	0.992941	0.344274	0.738694	1.08297	1.0293	0.899101	1.9284	0.418173	0.607318	1.02549	0.124044	0.427557	0.551601	0.0771244	0.858046	0.935171	
0.35835	0.349259	0.707609	0.49911	0.472717	0.971827	0.215831	0.224922	0.440753	0.257179	0.644854	0.902033	0.458055	0.684736	1.14279	1.07153	0.893823	1.96535	0.434008	0.616409	1.05042	0.0920801	0.421105	0.513185	0.0800569	0.409375	0.489432	
0.361869	0.332251	0.69412	0.507614	0.477996	0.985609	0.180348	0.200875	0.381224	0.22023	0.523156	0.743386	0.25366	0.511719	0.76538	0.588257	0.784441	1.3727	0.442219	0.596175	1.03839	0.0973586	0.334304	0.431662	0.0727257	0.343688	0.416413	
0.272428	0.338702	0.611131	0.436941	0.46216	0.899101	0.157181	0.19589	0.353072	0.224629	0.476236	0.700865	0.250435	0.495884	0.746318	0.567437	0.748078	1.31551	0.31407	0.567143	0.881213	0.106156	0.28973	0.395886	0.0715527	0.344274	0.415827	
0.279466	0.329025	0.608491	0.433129	0.445152	0.87828	0.275067	0.349259	0.624327	0.210553	0.476236	0.686789	0.253954	0.494711	0.748664	0.601747	0.755409	1.35716	0.358643	0.587377	0.946021	0.12815	0.298821	0.42697	0.0627553	0.443979	0.506734	
0.271255	0.331958	0.603213	0.44955	0.446032	0.895582	0.1868	0.192958	0.379757	0.228441	1.112	1.34044	0.269202	0.502335	0.771538	0.616702	0.788546	1.40525	0.327266	0.761274	1.08854	0.322867	0.383863	0.70673	0.0618755	0.851008	0.912884	
0.273601	0.699692	0.973293	0.414067	0.448964	0.863031	0.170378	0.190905	0.361283	0.231373	0.475943	0.707316	0.256886	0.488553	0.745439	0.630778	0.741333	1.37211	0.332544	0.574475	0.907019	0.119059	0.299114	0.418173	0.058943	0.338409	0.397352	
0.53166	0.404097	0.935757	0.669487	0.472424	1.14191	0.167152	0.197063	0.364215	0.217884	0.47565	0.693534	0.253074	0.507321	0.760394	0.86743	0.803502	1.67093	0.326093	0.645734	0.971827	0.0829894	0.363042	0.446032	0.0762447	0.403217	0.479462	
0.280346	0.327852	0.608198	0.444272	0.479462	0.923734	0.180641	0.190905	0.371546	0.227268	0.463333	0.690601	0.255713	0.503508	0.759221	1.45569	1.82166	3.27735	0.845143	1.37152	2.21667	0.326386	0.430783	0.757169	0.0788839	0.33665	0.415534	
0.271548	0.326972	0.598521	0.419932	0.493245	0.913177	0.171551	0.187679	0.35923	0.234013	0.466852	0.700865	0.245743	0.543683	0.789426	0.634591	0.738694	1.37328	1.17241	1.69293	2.86533	0.0950126	0.31407	0.409082	0.0715527	0.935171	1.00672	
0.755409	0.935464	1.69087	1.20643	1.37211	2.57854	0.433715	0.252194	0.685909	0.410548	1.36977	1.78031	0.246916	0.547789	0.794704	0.762154	0.714061	1.47621	0.338996	0.56685	0.905846	0.0938396	0.308205	0.402044	0.0824029	0.34662	0.429023	
0.290903	0.331078	0.621981	0.429903	0.445152	0.875055	0.182108	0.183867	0.365975	0.19765	0.488846	0.686496	0.576234	0.517291	1.09352	0.590017	0.804675	1.39469	0.538112	0.558639	1.09675	0.108795	0.295595	0.40439	0.0580633	0.340755	0.398818	
0.291783	0.348086	0.639869	0.687375	1.19704	1.88442	0.469198	0.538991	1.00819	0.983263	1.36331	2.34658	0.280639	0.546616	0.827255	1.39176	1.3293	2.72106	0.628139	0.934584	1.56272	0.0991181	0.326679	0.425797	0.0656877	0.467145	0.532833	
0.286797	0.356297	0.643095	0.614063	0.471544	1.08561	0.169205	0.194717	0.363922	0.229321	0.881799	1.11112	0.262458	0.497057	0.759515	0.974466	0.778869	1.75333	0.348086	0.625207	0.973293	0.111435	0.4865	0.597934	0.062462	0.347793	0.410255	
0.286797	0.390021	0.676818	0.41612	0.482688	0.898808	0.184747	0.198529	0.383276	0.250435	0.527555	0.777989	0.268909	0.531074	0.799983	0.986196	0.90262	1.88882	0.34574	0.583272	0.929012	0.0856287	0.362162	0.447791	0.0592363	0.370373	0.42961	
0.316416	0.331371	0.647787	0.423158	0.443686	0.866844	0.169791	0.201755	0.371546	0.270375	0.464799	0.735175	0.234306	0.51993	0.754236	0.598521	0.735175	1.3337	0.34574	0.585325	0.931065	0.120525	0.297941	0.418466	0.0574768	0.585031	0.642508	
