Using Best Grid Path: true
Using Waypoints: true
Using Best Waypoint Path: true
Heuristic: Stanford Distance


0_WaypointTraversalTime	0_GridTraversalTime	0_TotalTraversalTime	1_WaypointTraversalTime	1_GridTraversalTime	1_TotalTraversalTime	2_WaypointTraversalTime	2_GridTraversalTime	2_TotalTraversalTime	3_WaypointTraversalTime	3_GridTraversalTime	3_TotalTraversalTime	4_WaypointTraversalTime	4_GridTraversalTime	4_TotalTraversalTime	5_WaypointTraversalTime	5_GridTraversalTime	5_TotalTraversalTime	6_WaypointTraversalTime	6_GridTraversalTime	6_TotalTraversalTime	7_WaypointTraversalTime	7_GridTraversalTime	7_TotalTraversalTime	8_WaypointTraversalTime	8_GridTraversalTime	8_TotalTraversalTime	
3.93628	0.339289	4.27557	41.3713	0.904086	42.2753	0.0472131	0.231373	0.278586	20.9174	0.477116	21.3946	23.6508	0.60204	24.2529	59.6943	0.883266	60.5776	35.023	1.56624	36.5892	7.22565	0.309671	7.53532	5.58727	0.323747	5.91102	
2.53895	0.373013	2.91196	84.0912	0.977692	85.0689	0.0700865	0.346913	0.417	25.9015	0.455122	26.3566	23.6247	0.604679	24.2294	44.9031	0.901154	45.8043	37.4617	1.96008	39.4217	6.13565	0.940156	7.0758	6.5371	0.384156	6.92126	
2.59906	0.351312	2.95038	38.6939	0.610251	39.3041	0.0434008	0.246916	0.290316	19.9606	0.52169	20.4823	23.4977	0.601747	24.0995	45.4744	0.888251	46.3626	36.5658	0.70585	37.2716	4.69638	0.316416	5.0128	15.0152	0.349259	15.3645	
2.67032	0.324626	2.99495	37.8338	0.627846	38.4616	0.0442806	0.241051	0.285331	19.5318	0.437527	19.9694	23.5285	0.575941	24.1045	61.7823	0.874175	62.6564	43.5527	1.28296	44.8357	4.59316	0.343394	4.93655	5.76087	0.355124	6.116	
2.73367	0.395593	3.12926	48.7045	0.636057	49.3406	0.0442806	0.219937	0.264217	44.3193	0.559226	44.8785	27.4551	0.585325	28.0405	53.0109	1.45363	54.4645	41.9076	0.737228	42.6448	4.487	0.347793	4.83479	6.07524	0.377998	6.45323	
3.13747	0.401458	3.53893	41.3874	0.902327	42.2897	0.0472131	0.234599	0.281812	20.199	0.492365	20.6913	23.5948	0.595295	24.1901	44.9377	2.1284	47.0661	43.2727	0.702624	43.9753	7.45204	0.954525	8.40656	12.627	0.409962	13.037	
2.8149	0.599987	3.41488	52.493	0.620515	53.1135	0.0460401	0.26451	0.310551	20.9711	0.499989	21.4711	26.4944	0.838105	27.3326	50.8995	1.051	51.9505	48.1796	1.0293	49.2089	4.17352	0.31143	4.48495	5.77319	0.323453	6.09664	
3.32574	0.469491	3.79523	39.0546	0.586204	39.6408	0.0434008	0.39178	0.435181	19.3031	0.479462	19.7826	23.2757	0.552188	23.8279	76.8124	1.00848	77.8209	36.8643	0.702038	37.5664	4.10871	0.330785	4.43949	5.86322	0.346034	6.20925	
2.54863	0.319348	2.86797	52.6543	0.567143	53.2214	0.0395886	0.180348	0.219937	29.3205	1.38531	30.7058	50.3541	0.590603	50.9447	44.6014	0.86919	45.4706	35.1289	0.677112	35.806	4.27733	0.31143	4.58876	5.62041	0.324333	5.94474	
2.58821	0.40527	2.99348	37.7001	0.557759	38.2578	0.0404683	0.238998	0.279466	19.9107	0.912884	20.8236	25.4091	0.560105	25.9692	44.7647	0.955112	45.7198	35.435	0.729603	36.1646	4.30137	0.310551	4.61192	5.7726	0.695	6.4676	
2.5759	0.331664	2.90756	37.471	0.601747	38.0728	0.0395886	0.192958	0.232546	19.4629	0.436648	19.8996	28.1519	0.611717	28.7636	55.1765	0.916109	56.0926	35.5007	0.719633	36.2203	4.109	0.315829	4.42483	6.016	0.426091	6.44209	
3.86737	0.962443	4.82981	44.4064	0.911711	45.3181	0.074192	0.413481	0.487673	28.8372	0.680631	29.5178	23.5845	0.597934	24.1825	44.3386	0.953352	45.292	35.3127	1.23516	36.5479	4.15152	0.307618	4.45914	6.72097	0.356004	7.07697	
2.53455	0.345447	2.88	37.7479	0.625793	38.3737	0.0416413	0.195304	0.236945	30.219	1.36126	31.5803	43.9809	0.634297	44.6152	51.6596	1.71433	53.3739	35.6928	0.68151	36.3743	4.32366	0.386795	4.71046	5.55355	0.321107	5.87465	
2.55127	0.335183	2.88645	41.3889	1.7463	43.1351	0.123458	0.630192	0.75365	22.4139	0.485327	22.8992	40.4502	0.783268	41.2334	57.924	1.3595	59.2835	37.0966	0.746025	37.8426	4.26003	0.338702	4.59873	5.82891	0.349553	6.17846	
2.53191	0.380637	2.91255	43.3082	0.626673	43.9348	0.0548375	0.510253	0.565091	23.4024	0.465093	23.8675	38.2405	0.592656	38.8332	45.3374	0.889131	46.2266	53.6821	2.08353	55.7657	9.90507	0.91347	10.8185	10.7561	1.20613	11.9622	
4.21457	0.516704	4.73128	39.0546	0.640455	39.695	0.0439873	0.258352	0.30234	19.1556	0.441926	19.5975	23.7244	0.551308	24.2757	73.1559	0.878867	74.0348	57.8715	0.936344	58.8078	4.75738	0.343688	5.10106	6.60015	0.63811	7.23826	
4.07851	0.512306	4.59081	48.4207	0.587377	49.008	0.0477996	0.237238	0.285038	19.9509	0.501749	20.4526	23.5784	0.575941	24.1543	52.2652	0.934291	53.1994	46.7955	0.742506	47.538	4.09434	0.309964	4.4043	5.72832	0.327266	6.05559	
2.64364	0.431369	3.07501	42.1642	0.571542	42.7357	0.0401751	0.209086	0.249262	19.37	0.448084	19.8181	23.5382	0.572422	24.1106	55.4311	0.914936	56.346	41.0223	0.698519	41.7208	4.09639	0.922561	5.01895	6.03975	0.343394	6.38315	
2.53836	0.365975	2.90434	37.4977	0.658637	38.1564	0.0533713	0.201755	0.255127	21.3441	0.525209	21.8693	39.1519	0.612597	39.7645	55.0971	0.909365	56.0064	35.03	0.706436	35.7365	4.02308	0.314949	4.33803	10.5957	0.626673	11.2223	
4.26472	0.422278	4.687	67.7675	1.71199	69.4795	0.128443	0.547789	0.676232	36.3872	0.633124	37.0203	32.5069	0.617875	33.1248	53.3792	0.913177	54.2924	45.7981	2.19057	47.9887	12.4141	0.932531	13.3466	7.25322	0.540164	7.79338	
3.82015	0.316709	4.13686	51.515	0.60292	52.1179	0.0442806	0.236065	0.280346	19.4072	0.651599	20.0588	23.4881	0.585911	24.074	44.6718	1.24367	45.9154	41.3932	0.684443	42.0777	4.22366	0.318175	4.54184	5.89518	0.343394	6.23858	
2.66358	0.364802	3.02838	39.4021	0.657171	40.0593	0.0434008	0.441633	0.485034	24.8276	0.466852	25.2945	23.3582	0.56597	23.9241	44.8213	0.870363	45.6917	52.1273	0.697639	52.825	4.06062	0.34574	4.40636	5.90838	0.343394	6.25177	
2.56857	0.331078	2.89964	74.1055	0.68239	74.7878	0.12815	0.558932	0.687082	20.24	0.467439	20.7075	29.9272	0.61289	30.5401	44.4609	0.88004	45.341	34.9556	0.70497	35.6605	4.42278	0.415827	4.83861	19.1958	0.384742	19.5805	
7.59456	0.809074	8.40363	51.8945	0.625207	52.5197	0.0451603	0.258059	0.303219	21.3385	0.534006	21.8726	23.1922	0.556	23.7482	44.4196	0.855114	45.2747	51.2015	0.834879	52.0364	4.66969	0.374479	5.04417	10.5939	0.641922	11.2358	
2.65713	0.32228	2.97941	37.3482	0.643095	37.9913	0.0398818	0.408202	0.448084	24.6587	0.445152	25.1039	23.3969	0.569489	23.9663	44.3747	0.873588	45.2483	55.3985	1.13311	56.5316	6.58168	0.50908	7.09076	7.77403	0.376532	8.15056	
2.62194	0.32316	2.9451	38.0954	0.629019	38.7244	0.162753	0.573302	0.736055	19.5574	0.929012	20.4864	35.2837	1.71551	36.9992	53.3763	0.977692	54.354	37.471	0.730776	38.2018	4.11428	0.329318	4.4436	5.80252	0.325506	6.12802	
2.90991	0.513772	3.42368	41.4877	1.3595	42.8472	0.0425211	0.469198	0.511719	23.3538	0.460401	23.8142	23.5001	0.598814	24.0989	52.6244	0.90262	53.527	53.7865	0.951299	54.7378	7.02536	0.976225	8.00159	14.0015	0.426384	14.4278	
3.06152	0.403804	3.46532	42.0129	0.561865	42.5747	0.0398818	0.182987	0.222869	19.4022	0.497643	19.8999	23.3359	0.570369	23.9062	62.0811	0.915523	62.9966	39.283	0.686789	39.9698	4.0917	0.338116	4.42982	5.64357	0.333131	5.9767	
2.52546	0.646907	3.17237	37.396	0.62374	38.0197	0.0425211	0.39354	0.436061	19.9483	0.493831	20.4421	23.2499	0.563038	23.813	51.5235	1.05306	52.5766	46.0266	0.685029	46.7116	4.06736	0.78796	4.85532	5.76674	0.34662	6.11336	
2.66915	0.382103	3.05125	37.6696	0.573008	38.2426	0.0395886	0.222283	0.261871	19.2201	0.462747	19.6829	23.9045	0.551308	24.4558	74.6439	0.892943	75.5368	35.2251	0.873882	36.0989	4.25915	0.314949	4.5741	5.72627	0.328732	6.055	
2.92897	0.321987	3.25096	38.008	0.609371	38.6174	0.0413481	0.203221	0.24457	19.3958	0.437234	19.833	27.9088	0.838985	28.7478	70.3152	0.849542	71.1648	35.2896	0.716993	36.0066	4.14155	0.315536	4.45709	5.73741	0.522276	6.25969	
2.49291	0.316416	2.80932	38.0634	0.559226	38.6226	0.0387088	0.180055	0.218764	19.4157	0.479462	19.8952	24.4059	1.26918	25.6751	63.5981	0.847489	64.4455	35.1101	0.689721	35.7998	4.24712	0.34838	4.5955	5.5902	0.322574	5.91278	
2.57238	0.339582	2.91196	37.471	0.56773	38.0388	0.0422278	0.180641	0.222869	19.7846	0.434302	20.2189	34.799	0.603213	35.4022	50.8957	0.879747	51.7754	36.8356	0.759515	37.5951	6.30045	0.538405	6.83886	8.55612	0.376532	8.93265	
2.61901	0.362162	2.98117	39.6772	0.634884	40.312	0.0469198	0.312017	0.358937	24.6822	0.469491	25.1517	25.2772	0.615529	25.8927	44.1718	0.842504	45.0143	35.0726	0.692654	35.7652	4.0961	0.310257	4.40636	11.8822	0.339289	12.2214	
2.53572	0.318468	2.85419	37.5429	0.604679	38.1476	0.0436941	0.516118	0.559812	27.6504	0.46392	28.1144	23.6854	0.562158	24.2476	57.9084	1.11786	59.0263	35.9728	1.29176	37.2646	4.14507	0.333717	4.47879	8.73002	1.01552	9.74554	
7.73415	0.964789	8.69893	40.4531	0.589137	41.0422	0.0390021	0.194717	0.233719	19.7239	0.557173	20.2811	24.0159	0.609371	24.6253	70.1674	1.47123	71.6386	46.075	1.12842	47.2034	4.35475	0.343981	4.69873	6.61511	0.338409	6.95352	
2.5061	0.346034	2.85214	37.9514	0.932238	38.8836	0.0483861	0.258352	0.306738	21.8209	0.454536	22.2755	23.4966	0.558932	24.0555	44.5155	0.837812	45.3533	35.0881	0.668021	35.7561	4.05065	0.326972	4.37762	5.6166	0.320814	5.93741	
2.68176	0.342221	3.02398	37.6282	0.586204	38.2144	0.0442806	0.233719	0.278	28.4698	1.43105	29.9008	53.1065	0.607612	53.7141	45.3204	0.887078	46.2075	35.2268	0.740747	35.9676	4.2263	0.598814	4.82512	5.67818	0.341635	6.01981	
2.67766	0.333424	3.01108	62.4248	0.691774	63.1165	0.0439873	0.306738	0.350726	19.8248	0.447791	20.2726	23.6268	0.573008	24.1998	50.8098	0.963029	51.7728	37.7599	1.03136	38.7913	4.40782	0.317295	4.72512	5.73683	0.351605	6.08843	
2.69232	0.317882	3.0102	37.91	0.593829	38.5039	0.0395886	0.182987	0.222576	29.3102	0.517584	29.8278	23.9209	0.556293	24.4772	44.7946	0.970947	45.7656	35.0124	0.672713	35.6852	4.63099	0.376825	5.00781	5.9031	0.350139	6.25324	
2.51608	0.316709	2.83278	40.5862	1.27651	41.8627	0.124338	0.573888	0.698226	20.6148	0.452483	21.0673	23.5716	0.563038	24.1347	49.4089	0.854234	50.2631	63.62	0.786787	64.4068	4.31193	0.356591	4.66852	5.91072	0.366854	6.27758	
2.61226	0.353072	2.96533	40.4962	0.599401	41.0956	0.0419346	0.241051	0.282985	19.5943	0.439873	20.0342	24.0306	0.582979	24.6135	44.7465	0.892356	45.6389	35.0605	0.669487	35.73	4.26267	0.309671	4.57234	5.6339	0.324626	5.95852	
2.59437	0.523156	3.11753	45.7723	1.06215	46.8345	0.34662	0.468905	0.815525	23.3224	0.598814	23.9212	24.4549	0.576234	25.0311	44.7339	0.849249	45.5832	35.3183	0.696173	36.0145	4.2307	0.339582	4.57028	6.91129	0.341342	7.25263	
2.62428	0.452483	3.07677	38.7657	0.640162	39.4059	0.0454536	0.256006	0.30146	21.2708	0.452483	21.7233	23.7658	0.610837	24.3766	46.1131	0.884145	46.9972	34.9558	0.739574	35.6954	4.42483	0.380344	4.80518	5.73595	0.639869	6.37582	
2.55889	0.318468	2.87736	57.4914	1.37387	58.8653	0.0454536	0.465679	0.511133	22.4834	0.455122	22.9385	23.24	0.620221	23.8602	49.2274	0.842797	50.0702	35.8552	0.770951	36.6262	4.92072	0.363335	5.28405	5.72304	0.328145	6.05119	
7.59456	1.26596	8.86051	51.1889	0.857166	52.0461	0.053078	0.214072	0.26715	20.5128	0.881799	21.3946	24.3441	0.565384	24.9094	45.7011	0.90174	46.6028	35.5429	0.668314	36.2112	4.06091	0.380051	4.44096	5.63331	0.3475	5.98081	
2.58587	0.316709	2.90258	59.7618	0.672126	60.4339	0.0454536	0.356297	0.401751	30.5653	0.67154	31.2369	28.7325	0.688255	29.4208	55.7179	0.879453	56.5973	40.3355	0.69588	41.0314	10.6593	0.346913	11.0062	5.64328	0.326972	5.97025	
2.4715	0.318175	2.78968	40.9774	0.581512	41.5589	0.0407616	0.18416	0.224922	24.0171	1.37651	25.3936	26.4373	0.70497	27.1422	45.1046	0.976519	46.0811	35.4362	0.737814	36.174	5.32921	0.351019	5.68023	5.67759	0.779455	6.45705	
4.23422	0.435475	4.66969	91.001	0.71582	91.7168	0.0876814	0.679164	0.766846	48.7048	0.826669	49.5315	34.6031	0.605266	35.2083	47.5837	0.863911	48.4476	35.2547	0.729896	35.9846	4.23774	0.313776	4.55152	5.84592	0.32404	6.16996	
3.6923	0.551601	4.2439	37.4881	0.587671	38.0757	0.0436941	0.260698	0.304392	19.2738	0.484154	19.7579	23.4992	0.748078	24.2473	57.8809	1.18355	59.0644	45.2691	0.685616	45.9547	4.04771	0.348966	4.39668	5.75589	0.32316	6.07905	
2.52956	0.316122	2.84569	37.4863	0.573595	38.0599	0.0390021	0.180348	0.21935	19.238	0.471251	19.7093	23.3277	0.574475	23.9021	44.9973	1.10995	46.1072	44.0172	0.691774	44.709	6.07524	0.343101	6.41834	6.47083	0.779162	7.24999	
2.99319	0.356884	3.35007	60.0773	0.649546	60.7269	0.0439873	0.211139	0.255127	19.5585	0.491192	20.0497	23.4816	0.576234	24.0578	70.0789	1.71316	71.792	40.5798	0.700865	41.2806	4.15622	0.311137	4.46735	5.86967	0.344861	6.21453	
2.502	0.33577	2.83777	37.5933	0.609078	38.2024	0.0395886	0.200875	0.240464	19.587	0.459228	20.0462	23.2274	0.572422	23.7998	87.7656	0.898221	88.6638	35.7482	0.691481	36.4397	4.13569	0.346327	4.48202	6.61921	0.333424	6.95264	
2.55156	0.339582	2.89114	37.4133	0.679458	38.0927	0.0431076	0.229907	0.273015	40.271	0.919922	41.1909	31.8084	0.608491	32.4169	45.4967	0.942209	46.4389	35.3069	1.68853	36.9954	5.76791	0.376238	6.14415	5.90955	0.329318	6.23887	
2.52018	0.317002	2.83718	37.8534	0.583565	38.437	0.0416413	0.180348	0.221989	25.4317	0.499989	25.9317	28.0727	0.563624	28.6363	56.8929	0.945434	57.8384	39.7003	0.676525	40.3768	4.09229	0.32316	4.41545	5.70017	0.32316	6.02333	
2.45303	0.372133	2.82516	37.9713	0.610544	38.5819	0.0448671	0.295888	0.340755	20.7755	0.64808	21.4236	33.626	0.969774	34.5957	50.9268	0.996753	51.9235	47.0829	1.07916	48.162	4.14595	0.316709	4.46266	5.8204	0.34838	6.16878	
2.55742	0.342808	2.90023	48.0567	0.582099	48.6388	0.0416413	0.260112	0.301753	19.3506	0.450137	19.8007	23.9778	0.55512	24.5329	44.4897	1.26596	45.7556	34.8142	0.688548	35.5028	4.0829	0.32316	4.40606	5.88316	0.32404	6.2072	
2.53807	0.316122	2.85419	43.034	0.57946	43.6134	0.0407616	0.182401	0.223162	31.9495	0.85482	32.8043	23.3517	0.61377	23.9655	44.4551	1.57357	46.0286	44.2671	1.69586	45.9629	4.09962	0.311724	4.41134	5.68023	0.323747	6.00398	
2.53132	0.315829	2.84715	44.924	1.74512	46.6691	0.125804	2.62487	2.75067	30.897	0.68239	31.5794	27.6176	0.623447	28.241	55.5158	0.919042	56.4349	35.4277	0.726377	36.1541	4.12161	0.308498	4.43011	5.76058	0.325213	6.08579	
2.56329	0.353951	2.91724	38.4039	0.573595	38.9775	0.0425211	0.241051	0.283572	24.6561	0.490899	25.147	25.2804	0.578873	25.8593	44.9248	0.883559	45.8084	35.2558	1.02139	36.2772	5.21162	0.307325	5.51894	5.60223	0.34662	5.94885	
2.52458	0.31407	2.83865	50.6854	0.877987	51.5634	0.170964	0.565677	0.736641	21.6913	0.441046	22.1324	23.4244	0.624034	24.0485	44.6331	0.872415	45.5055	34.9714	0.667141	35.6385	4.55738	0.328439	4.88582	5.71747	0.353658	6.07113	
2.54452	0.353365	2.89789	47.1172	1.01435	48.1315	0.0782974	0.233719	0.312017	19.4277	0.453363	19.8811	35.4262	0.78796	36.2142	59.504	2.60904	62.113	39.1176	0.719046	39.8367	4.40049	0.696466	5.09696	5.96351	1.1076	7.07111	
6.64854	0.478582	7.12712	39.5733	0.707316	40.2807	0.0586498	0.233133	0.291783	19.5383	0.499696	20.038	23.8059	0.558932	24.3649	49.0617	0.850128	49.9118	45.904	1.03165	46.9357	4.8823	0.456295	5.3386	11.6399	0.347207	11.9871	
2.87648	0.365388	3.24187	39.0323	0.621981	39.6543	0.0425211	0.275654	0.318175	19.3327	0.528141	19.8609	23.5036	0.574475	24.0781	61.7688	0.918749	62.6875	52.5754	0.730776	53.3062	4.18349	0.585618	4.76911	5.76322	0.344567	6.10779	
2.59291	0.339582	2.93249	37.5115	0.561278	38.0728	0.0398818	0.180348	0.22023	19.4802	0.439287	19.9195	23.3109	0.565091	23.876	44.646	0.822856	45.4688	43.6284	0.955112	44.5835	4.07293	0.318762	4.39169	6.27259	0.445445	6.71804	
4.63245	0.392074	5.02453	53.5857	0.649546	54.2352	0.0422278	0.212605	0.254833	19.3577	0.44955	19.8072	23.0438	0.553654	23.5974	44.9571	0.82139	45.7785	72.8196	1.02139	73.8409	17.277	0.773884	18.0509	9.45874	0.592069	10.0508	
3.09905	0.401164	3.50022	46.5104	0.610544	47.121	0.0463333	0.305272	0.351605	20.3717	0.453069	20.8248	23.5153	0.575061	24.0904	62.4975	1.09147	63.589	57.0299	0.715234	57.7451	4.31398	0.89177	5.20575	5.77906	0.329025	6.10808	
2.58294	0.393247	2.97618	37.7303	0.605266	38.3355	0.0425211	0.237532	0.280053	27.4334	0.494711	27.9281	24.2356	0.57858	24.8141	47.6289	0.861565	48.4905	42.8527	0.689428	43.5422	4.99696	0.525209	5.52217	5.98873	0.368027	6.35676	
2.61314	0.860099	3.47324	37.2329	0.633418	37.8663	0.0392953	0.55688	0.596175	19.9623	0.482688	20.445	27.4569	0.665968	28.1229	46.1178	0.904379	47.0222	35.6042	0.737521	36.3417	4.15944	0.312603	4.47205	7.15293	0.330491	7.48342	
2.60258	0.318762	2.92135	37.3614	0.558639	37.92	0.0407616	0.19501	0.235772	19.4802	0.432835	19.9131	23.0889	0.583272	23.6722	67.2024	1.01288	68.2153	34.9277	0.697053	35.6248	4.09053	0.309671	4.4002	5.97319	0.323747	6.29693	
2.50024	0.338996	2.83924	55.5123	0.641335	56.1536	0.0442806	0.520223	0.564504	29.7202	0.53166	30.2518	23.6517	0.615823	24.2675	65.8317	0.851595	66.6833	35.5799	0.91435	36.4942	12.4716	0.985903	13.4575	17.263	0.42961	17.6926	
7.61157	1.03136	8.64292	50.2972	1.29352	51.5907	0.0472131	0.271255	0.318468	19.6395	0.47477	20.1142	23.3623	0.586791	23.949	46.0714	0.921974	46.9934	35.2025	0.702918	35.9054	4.10079	0.31407	4.41486	5.69548	0.322867	6.01835	
2.58382	0.33401	2.91783	58.5421	0.960683	59.5028	0.0738987	0.316122	0.390021	28.3492	0.463626	28.8129	23.7969	0.572715	24.3696	44.5243	0.873882	45.3981	35.1462	0.755996	35.9022	4.35269	0.333131	4.68582	5.99518	0.326972	6.32215	
6.18315	0.840451	7.0236	53.3769	1.72518	55.102	0.229614	0.884145	1.11376	30.2137	0.49911	30.7128	32.1131	1.02637	33.1395	59.6263	2.0287	61.655	49.5318	2.03427	51.5661	15.9249	0.699399	16.6243	12.1294	0.707609	12.837	
5.88697	0.693827	6.5808	45.6618	0.56773	46.2295	0.0401751	0.182108	0.222283	19.4708	0.472131	19.943	23.4288	0.605266	24.0341	44.5524	0.896168	45.4486	49.3828	0.73019	50.113	4.56413	0.350726	4.91485	5.68932	0.323453	6.01277	
2.52194	0.317589	2.83953	48.1037	0.583858	48.6875	0.0395886	0.51084	0.550428	19.5656	0.53166	20.0972	32.0712	1.75216	33.8233	69.2091	0.91347	70.1225	35.2459	0.711422	35.9573	6.53886	0.522276	7.06114	9.49393	0.853354	10.3473	
2.79114	0.320814	3.11196	37.4294	0.579753	38.0092	0.0401751	0.181228	0.221403	19.506	0.481808	19.9878	23.2409	0.548082	23.7889	64.4338	1.29528	65.7291	35.5529	0.734882	36.2878	4.11721	0.308791	4.426	7.08958	0.332837	7.42242	
2.6973	0.323747	3.02105	41.1742	0.606439	41.7806	0.0419346	0.243983	0.285918	25.8745	0.881799	26.7563	23.0608	0.550135	23.6109	55.4144	0.9035	56.3179	36.4124	0.72843	37.1408	7.49544	0.959803	8.45524	6.35822	0.35835	6.71657	
2.61549	0.319348	2.93483	57.5536	1.24865	58.8023	0.05777	0.241637	0.299407	20.1603	0.506441	20.6667	23.7206	1.06039	24.781	71.7938	0.917869	72.7116	35.2268	1.35598	36.5828	4.06941	0.364802	4.43422	5.8509	0.851595	6.7025	
2.51959	0.317295	2.83689	37.4297	0.572129	38.0018	0.0398818	0.199409	0.239291	19.5612	0.831067	20.3922	40.6789	1.2639	41.9428	54.5897	0.874175	55.4639	35.7385	0.676818	36.4153	4.48612	0.316416	4.80254	5.66293	0.344567	6.0075	
2.4888	0.314363	2.80317	37.8836	0.609078	38.4927	0.0580633	0.190025	0.248089	19.4946	0.436354	19.931	38.2561	1.85011	40.1062	71.0181	1.84043	72.8586	41.6393	0.725498	42.3648	7.92329	0.617289	8.54058	5.84474	0.326386	6.17113	
2.56446	0.331371	2.89583	65.2869	0.803795	66.0907	0.0941329	0.281226	0.375359	35.2567	0.517584	35.7743	27.6525	0.702918	28.3554	45.1553	0.891183	46.0465	46.8676	0.709955	47.5776	4.16208	0.307911	4.46999	5.71454	0.347793	6.06233	
2.65009	0.473304	3.12339	52.2619	1.3032	53.5651	0.0460401	0.270375	0.316416	39.5558	0.755996	40.3117	24.271	0.556293	24.8273	73.4275	0.958044	74.3855	44.5298	0.769485	45.2993	4.16883	0.311724	4.48055	5.98404	0.360989	6.34503	
2.66035	0.347207	3.00756	38.6074	0.561572	39.169	0.0398818	0.55424	0.594122	35.5333	0.474183	36.0074	23.4156	0.551601	23.9672	52.8015	2.50786	55.3094	37.44	0.716993	38.157	4.11663	0.313776	4.4304	5.65296	0.348086	6.00104	
2.52722	0.525795	3.05301	37.3461	0.686496	38.0326	0.132255	0.622567	0.754823	31.2685	0.438407	31.7069	23.0326	1.16889	24.2015	45.4272	1.04543	46.4726	68.8152	0.766846	69.5821	4.35944	0.34574	4.70518	5.95412	0.373013	6.32714	
2.60845	0.345154	2.9536	38.1004	0.921681	39.022	0.0445738	0.419932	0.464506	24.8367	0.45219	25.2889	23.2734	0.567437	23.8408	56.9589	1.0903	58.0492	40.2235	0.712301	40.9358	5.60076	0.385036	5.9858	5.72422	0.342221	6.06644	
2.52575	0.336356	2.86211	37.9546	0.610251	38.5649	0.0413481	0.214365	0.255713	31.5932	0.486793	32.08	23.42	0.550721	23.9707	54.7804	1.82489	56.6052	35.2664	0.704677	35.9711	6.93797	0.997633	7.93561	6.22861	0.353365	6.58197	
2.51695	0.550721	3.06768	42.5369	0.576527	43.1134	0.0407616	0.397059	0.437821	25.3534	0.486207	25.8396	39.2012	1.99145	41.1927	61.9441	0.917282	62.8614	35.6811	0.70409	36.3851	4.11604	0.33577	4.45181	5.76527	0.326093	6.09137	
2.60757	0.33665	2.94422	37.7268	0.555413	38.2822	0.0387088	0.199116	0.237825	39.6411	0.574768	40.2159	28.451	0.624034	29.075	49.8379	0.854234	50.6922	35.04	1.45041	36.4904	4.02279	0.692361	4.71515	7.96728	0.326972	8.29425	
2.52458	0.315243	2.83982	37.6666	0.55424	38.2209	0.0416413	0.409082	0.450723	28.3032	1.18326	29.4865	24.4839	0.665675	25.1496	44.3914	0.838692	45.2301	42.7742	1.23751	44.0117	7.76611	0.578287	8.3444	10.9109	0.634004	11.5449	
3.98144	0.348673	4.33011	39.903	0.643095	40.5461	0.068327	0.246329	0.314656	27.173	0.559519	27.7325	23.8367	0.605266	24.442	45.2715	0.955698	46.2272	35.2007	0.738987	35.9397	4.03774	0.327559	4.3653	5.7078	0.857753	6.56555	
3.50784	0.316122	3.82397	43.4873	0.558932	44.0463	0.0413481	0.216124	0.257472	19.7465	0.498816	20.2453	37.3754	0.638403	38.0138	52.0649	0.927546	52.9924	35.2318	0.732536	35.9643	4.17088	0.332251	4.50313	5.70193	0.386795	6.08873	
2.5237	0.317295	2.84099	37.3661	0.557173	37.9232	0.0422278	0.194717	0.236945	25.1745	0.450723	25.6253	24.6983	0.561278	25.2596	50.1731	0.897928	51.071	35.5884	1.08473	36.6731	4.26501	0.400285	4.6653	5.94415	0.414361	6.35851	
2.64774	0.38269	3.03043	37.6297	0.831067	38.4608	0.0436941	0.239291	0.282985	20.0787	0.760688	20.8394	30.0017	0.702038	30.7037	44.7574	0.916696	45.6741	34.8919	0.683856	35.5758	4.02103	0.310844	4.33187	5.7292	0.321987	6.05119	
2.50816	0.315829	2.82399	37.7402	0.55424	38.2945	0.0413481	0.189732	0.23108	20.2679	0.476529	20.7444	53.6355	1.09998	54.7355	45.2445	0.87916	46.1236	49.2875	0.734295	50.0218	4.17205	0.331958	4.50401	5.77378	0.347207	6.12098	
2.55332	0.319348	2.87267	39.0308	0.997633	40.0285	0.055424	0.257179	0.312603	24.5074	0.667434	25.1748	25.5091	0.621688	26.1308	46.8574	0.882386	47.7397	35.4077	0.675939	36.0837	4.29199	0.333131	4.62512	5.65179	0.349846	6.00163	
2.63308	0.556586	3.18967	46.0773	0.571249	46.6486	0.0413481	0.242517	0.283865	29.8337	0.502922	30.3366	49.2843	0.851595	50.1359	55.046	0.84397	55.89	35.2028	0.733415	35.9362	4.14214	0.310551	4.45269	5.60692	1.09499	6.70191	
2.60933	0.333131	2.94246	55.4663	0.691481	56.1577	0.0422278	0.183574	0.225802	33.8263	0.443099	34.2694	23.7661	0.574475	24.3405	45.8439	0.913763	46.7577	35.2468	0.687375	35.9341	4.04713	0.312603	4.35973	5.62715	0.349553	5.9767	
2.55948	0.317295	2.87677	39.6147	0.605559	40.2203	0.0442806	0.270669	0.314949	19.7749	0.441633	20.2166	23.2256	0.577993	23.8036	44.5554	0.86743	45.4228	44.2762	0.712888	44.9891	4.14478	0.307325	4.4521	5.68082	0.323453	6.00427	
2.47091	0.312897	2.78381	43.5976	0.596175	44.1938	0.0425211	0.181228	0.223749	20.0846	0.651892	20.7365	40.5223	1.13077	41.6531	50.72	0.896462	51.6165	49.8822	0.690308	50.5725	5.0515	0.608785	5.66029	5.69049	0.339289	6.02978	
2.54481	0.364508	2.90932	40.2962	0.602333	40.8985	0.0472131	0.398818	0.446032	22.8482	0.493831	23.342	23.3693	0.562158	23.9315	44.3158	0.91435	45.2301	34.9497	0.692067	35.6418	4.02748	0.308791	4.33627	5.65706	0.321107	5.97817	
