Using Best Grid Path: true
Using Waypoints: true
Using Best Waypoint Path: false
Heuristic: Stanford Distance


0_WaypointTraversalTime	0_GridTraversalTime	0_TotalTraversalTime	1_WaypointTraversalTime	1_GridTraversalTime	1_TotalTraversalTime	2_WaypointTraversalTime	2_GridTraversalTime	2_TotalTraversalTime	3_WaypointTraversalTime	3_GridTraversalTime	3_TotalTraversalTime	4_WaypointTraversalTime	4_GridTraversalTime	4_TotalTraversalTime	5_WaypointTraversalTime	5_GridTraversalTime	5_TotalTraversalTime	6_WaypointTraversalTime	6_GridTraversalTime	6_TotalTraversalTime	7_WaypointTraversalTime	7_GridTraversalTime	7_TotalTraversalTime	8_WaypointTraversalTime	8_GridTraversalTime	8_TotalTraversalTime	
0.221403	0.330785	0.552188	0.719633	0.990301	1.70993	0.0395886	0.244863	0.284451	0.303219	0.472717	0.775936	0.399991	0.548669	0.94866	0.529314	1.28795	1.81726	0.640162	1.02432	1.66448	0.426384	0.314949	0.741333	0.311137	0.41612	0.727257	
0.215538	0.31143	0.526968	0.897341	0.963909	1.86125	0.0387088	0.331958	0.370667	0.378584	0.488846	0.86743	0.387675	0.62638	1.01405	0.948953	1.33018	2.27913	0.645441	1.08062	1.72606	0.265683	0.31407	0.579753	0.551894	0.53254	1.08443	
0.574768	0.443392	1.01816	0.892063	1.09382	1.98588	0.0401751	0.250141	0.290316	0.652479	0.70409	1.35657	0.396766	0.536939	0.933704	0.531074	1.32548	1.85656	0.921974	1.28296	2.20494	0.502922	0.331371	0.834293	0.889717	0.76362	1.65334	
0.517291	0.610837	1.12813	1.29821	0.977105	2.27532	0.0906139	0.416413	0.507027	0.332837	0.551015	0.883852	0.423745	0.546323	0.970067	0.566264	1.76243	2.32869	1.15335	1.46976	2.62311	0.312897	0.310551	0.623447	0.305272	0.411135	0.716407	
0.218764	0.316416	0.535179	0.686202	0.935171	1.62137	0.0375359	0.292369	0.329905	0.303806	0.473304	0.777109	0.386502	0.509373	0.895875	0.706436	1.28238	1.98881	0.625793	1.06919	1.69498	0.278293	0.308205	0.586498	0.331664	0.424624	0.756289	
0.225215	0.313483	0.538698	0.785614	1.10643	1.89204	0.0416413	0.19765	0.239291	0.305272	0.476529	0.781801	0.383863	0.508787	0.89265	0.521983	1.26009	1.78207	0.689428	1.04895	1.73838	0.278586	0.296768	0.575354	0.31319	0.42961	0.742799	
0.229321	0.397939	0.627259	0.732536	0.948074	1.68061	0.0360696	0.253367	0.289437	0.312017	0.470371	0.782388	0.389728	0.501749	0.891477	0.548669	1.23868	1.78735	0.631072	0.991181	1.62225	0.284745	0.305272	0.590017	0.312897	0.408202	0.721099	
0.22023	0.294715	0.514945	0.715527	0.951006	1.66653	0.0360696	0.240171	0.27624	0.342808	0.466559	0.809367	0.398525	0.547789	0.946314	0.561572	1.15188	1.71345	0.622274	1.0557	1.67797	0.285918	0.297941	0.583858	0.331371	0.402337	0.733709	
0.35923	0.372719	0.731949	1.08209	0.933118	2.01521	0.0366561	0.447791	0.484447	0.337236	0.459521	0.796757	0.401458	0.586204	0.987662	0.78532	1.25335	2.03867	0.652185	1.01288	1.66507	0.280639	0.298527	0.579166	0.353072	0.443392	0.796464	
0.238118	0.295595	0.533713	0.699399	0.951299	1.6507	0.0375359	0.224335	0.261871	0.290316	0.504095	0.794411	0.420812	0.501162	0.921974	0.517584	1.23898	1.75656	0.631658	1.08004	1.71169	0.285038	0.295888	0.580926	0.317002	0.410255	0.727257	
0.421399	0.539871	0.96127	0.696759	0.916696	1.61346	0.0395886	0.225215	0.264804	0.308791	0.461574	0.770365	0.396766	0.502042	0.898808	0.584152	1.16948	1.75363	0.620221	1.034	1.65422	0.285918	0.297061	0.582979	0.300287	0.402924	0.703211	
0.228734	0.295302	0.524036	0.688548	0.919922	1.60847	0.0372426	0.24281	0.280053	0.315829	0.453069	0.768898	0.398525	0.517291	0.915816	0.563918	1.20584	1.76976	0.630485	1.05042	1.6809	0.317589	0.291196	0.608785	0.318762	0.419053	0.737814	
0.188266	0.372426	0.560692	0.723445	0.945728	1.66917	0.0372426	0.252781	0.290023	0.314363	0.46128	0.775643	0.419639	0.522276	0.941915	1.49528	1.39674	2.89202	0.700278	1.05071	1.75099	0.27712	0.33401	0.611131	0.31407	0.444272	0.758342	
0.367148	0.462453	0.829601	1.50847	1.41346	2.92193	0.0366561	0.208793	0.245449	0.316709	0.48474	0.801449	0.413188	0.520517	0.933704	0.557759	1.27329	1.83105	0.612597	1.01054	1.62313	0.582392	0.428143	1.01054	0.307618	0.411721	0.719339	
0.219057	0.308205	0.527261	1.31727	1.14514	2.46241	0.0401751	0.21935	0.259525	0.636937	0.54251	1.17945	0.829308	1.33809	2.1674	0.721979	1.2815	2.00348	0.642215	0.977692	1.61991	0.538405	0.738987	1.27739	0.743972	1.60173	2.3457	
0.248675	0.354245	0.60292	1.84424	1.02139	2.86563	0.0392953	1.38208	1.42138	0.309084	0.716993	1.02608	0.431369	0.59119	1.02256	0.557466	1.27153	1.82899	0.655704	1.45305	2.10875	0.680337	0.743972	1.42431	0.743386	1.20437	1.94776	
0.433422	0.795584	1.22901	1.72166	1.68735	3.40902	0.0401751	0.401751	0.441926	0.30234	0.56597	0.86831	0.418466	0.528434	0.946901	0.557759	1.21464	1.7724	0.645147	1.00702	1.65216	0.258645	0.31319	0.571835	0.326386	0.408496	0.734882	
0.442219	0.535766	0.977985	0.707316	0.957458	1.66477	0.0366561	0.26451	0.301167	0.31407	0.522863	0.836932	0.782974	1.46243	2.24541	0.551015	1.31141	1.86242	0.654825	1.05218	1.707	0.27888	0.340462	0.619342	0.30234	0.408202	0.710542	
0.411428	0.560985	0.972413	1.66859	2.40552	4.07411	0.431369	0.440167	0.871536	0.708489	0.464506	1.173	0.413188	0.572129	0.985316	1.23927	3.1838	4.42307	1.55275	1.58149	3.13424	0.292076	0.299114	0.59119	0.316416	0.417293	0.733709	
0.211726	0.304392	0.516118	0.729017	0.915816	1.64483	0.0348966	0.242517	0.277413	0.39442	0.494711	0.889131	0.431369	0.507907	0.939276	0.551601	1.20085	1.75246	0.97036	1.0469	2.01726	0.287677	0.287677	0.575354	0.299114	0.406736	0.70585	
0.222576	0.295302	0.517877	0.89177	0.934877	1.82665	0.0357764	0.2302	0.265977	0.290903	0.455415	0.746318	0.398818	0.50908	0.907898	0.538112	1.21317	1.75128	0.634884	1.32783	1.96271	0.279173	0.306152	0.585325	0.30146	0.408202	0.709662	
0.231667	0.298821	0.530487	0.731949	0.968014	1.69996	0.0357764	0.436354	0.472131	0.297061	0.464799	0.761861	0.385036	0.53254	0.917576	0.833706	1.18707	2.02078	0.642508	1.37739	2.0199	0.279759	0.301167	0.580926	0.314363	0.417586	0.731949	
0.226388	0.299114	0.525502	0.702038	0.940156	1.64219	0.0351899	0.244276	0.279466	0.317589	0.458934	0.776523	0.894702	1.24367	2.13837	1.33575	3.29289	4.62864	0.685323	1.13223	1.81756	0.281812	0.287091	0.568903	0.305272	0.404097	0.709369	
0.232253	0.309084	0.541337	0.756875	0.933411	1.69029	0.0354831	0.252194	0.287677	0.351312	0.46392	0.815232	0.408202	0.814939	1.22314	0.547202	1.2164	1.7636	0.634884	1.07212	1.707	0.303513	0.300873	0.604386	0.326972	0.456002	0.782974	
0.278293	0.315243	0.593536	0.741626	0.933411	1.67504	0.0354831	0.294129	0.329612	0.364215	0.492072	0.856287	0.389728	0.500283	0.89001	0.553361	1.38267	1.93603	0.765086	1.35628	2.12136	0.354245	0.356004	0.710249	0.382103	0.412015	0.794118	
0.216418	0.315536	0.531953	0.722858	1.03546	1.75832	0.0390021	0.271548	0.310551	0.628139	1.12871	1.75685	0.40615	0.536645	0.942795	1.11288	2.40054	3.51341	0.643388	1.13399	1.77738	0.660103	0.499403	1.15951	0.376532	0.559519	0.93605	
0.221989	0.325213	0.547202	0.7167	0.997633	1.71433	0.0392953	0.241637	0.280932	0.304686	0.525795	0.830481	0.397352	0.5082	0.905552	0.545736	1.31405	1.85978	0.652185	1.04983	1.70202	0.275067	0.305859	0.580926	0.318468	0.404683	0.723152	
0.221403	0.315536	0.536939	0.701451	0.96127	1.66272	0.0357764	0.237825	0.273601	0.300873	0.460694	0.761567	0.399698	0.505268	0.904966	1.01933	1.58706	2.6064	0.657757	1.0469	1.70466	0.28797	0.290023	0.577993	0.32228	0.434595	0.756875	
0.24281	0.311137	0.553947	0.685029	1.52196	2.20699	0.0419346	0.223456	0.26539	0.303513	0.477116	0.780628	0.389728	0.56861	0.958337	0.525795	1.37827	1.90406	0.63811	1.06508	1.70319	0.276827	0.307618	0.584445	0.301167	0.455709	0.756875	
0.191492	0.397645	0.589137	0.814645	0.943088	1.75773	0.0357764	0.280639	0.316416	0.309964	0.466852	0.776816	0.395593	0.502629	0.898221	0.536645	1.16185	1.6985	0.611131	1.05247	1.6636	0.274481	0.285038	0.559519	0.300287	0.409375	0.709662	
0.201462	0.296475	0.497937	0.702918	0.867723	1.57064	0.0351899	0.244863	0.280053	0.303513	0.47565	0.779162	0.396472	0.497057	0.893529	0.538698	1.51199	2.05069	0.641922	1.20027	1.84219	0.312017	0.307032	0.619048	0.305272	0.405563	0.710835	
0.235772	0.309671	0.545443	0.716993	0.880626	1.59762	0.0639283	0.389728	0.453656	0.308791	0.460107	0.768898	0.420812	0.582392	1.0032	0.697346	1.71844	2.41578	0.814059	1.42871	2.24277	0.349553	0.387675	0.737228	0.925787	0.486793	1.41258	
0.234013	0.313483	0.547496	0.712008	0.952766	1.66477	0.0375359	0.563918	0.601453	0.711715	1.05306	1.76477	0.46304	0.539578	1.00262	0.53342	1.251	1.78442	0.625207	1.03957	1.66477	0.281226	0.310551	0.591776	0.704384	0.911417	1.6158	
0.303806	0.418466	0.722272	0.945728	1.034	1.97972	0.0378291	0.275947	0.313776	0.32316	0.497057	0.820217	0.391487	0.520223	0.911711	0.560692	1.30672	1.86741	0.662449	1.07652	1.73897	0.311724	0.321107	0.632831	0.323453	0.422572	0.746025	
0.215538	0.310844	0.526382	0.854234	0.949833	1.80407	0.0369494	0.231667	0.268616	0.304392	0.535472	0.839865	0.384742	0.512012	0.896755	0.84397	1.58706	2.43103	0.640162	1.06655	1.70671	0.278	0.307911	0.585911	0.628139	1.42695	2.05509	
0.550135	0.655998	1.20613	1.54073	2.28148	3.82221	0.0818164	0.478289	0.560105	0.313776	0.502629	0.816405	0.407323	0.541337	0.94866	0.548669	1.29587	1.84454	1.49117	2.2457	3.73687	0.812593	0.372133	1.18473	0.516118	0.432249	0.948367	
0.662449	0.379171	1.04162	0.728137	1.42284	2.15098	0.0395886	0.239584	0.279173	0.409962	0.564504	0.974466	0.409669	0.570662	0.980331	0.661863	1.49616	2.15802	0.619635	1.71551	2.33514	0.282105	0.306738	0.588844	0.593829	0.619048	1.21288	
0.215831	0.389141	0.604972	0.921681	1.02139	1.94307	0.0404683	0.224922	0.26539	0.332251	0.479169	0.81142	0.415534	0.53078	0.946314	0.51905	1.25804	1.77709	0.864498	1.14426	2.00875	0.297354	0.325506	0.622861	0.309671	0.421985	0.731656	
0.203515	0.315243	0.518757	0.713474	0.952472	1.66595	0.0357764	0.248675	0.284451	0.364508	0.487966	0.852474	0.665088	0.52081	1.1859	0.89177	1.73926	2.63103	0.93605	1.11141	2.04746	0.304979	0.309964	0.614943	0.332544	0.408496	0.74104	
0.238998	0.314656	0.553654	0.707609	0.963322	1.67093	0.0392953	0.236065	0.275361	0.309671	0.473304	0.782974	0.404097	0.527848	0.931945	0.550428	1.25511	1.80553	0.959803	1.30877	2.26857	0.285624	0.305272	0.590896	0.312603	0.417586	0.73019	
0.215245	0.358057	0.573302	0.711715	0.94954	1.66125	0.0354831	0.245743	0.281226	0.316709	0.799396	1.11611	0.400578	0.538991	0.939569	0.562745	1.39469	1.95744	0.698812	1.17681	1.87562	0.282399	0.312603	0.595002	0.320521	0.413774	0.734295	
0.258645	0.412015	0.67066	0.689721	0.932825	1.62255	0.0360696	0.256593	0.292662	0.308791	0.495004	0.803795	0.396179	0.503508	0.899687	0.545443	1.24455	1.78999	0.629019	1.45862	2.08764	0.28885	0.302633	0.591483	0.303513	0.406736	0.710249	
0.230494	0.318175	0.548669	0.767432	0.95951	1.72694	0.0366561	0.238705	0.275361	0.297941	0.469198	0.767139	0.397645	0.505561	0.903206	0.551894	1.60436	2.15626	0.656877	1.10174	1.75861	0.4865	0.320814	0.807314	0.325506	0.410548	0.736055	
0.220523	0.298527	0.51905	0.71758	0.913763	1.63134	0.0360696	0.269496	0.305565	0.316416	0.465093	0.781508	0.422278	0.515825	0.938103	0.536059	1.17651	1.71257	0.63635	0.966841	1.60319	0.278586	0.288264	0.56685	0.333131	0.433422	0.766553	
0.207034	0.373599	0.580633	0.726377	0.939276	1.66565	0.0557173	0.231373	0.287091	0.332837	0.491192	0.824029	0.414067	0.528728	0.942795	0.563918	1.22666	1.79058	0.63723	1.00584	1.64307	0.569196	0.375652	0.944848	0.302633	0.447791	0.750424	
0.201755	0.304099	0.505854	1.51375	2.22371	3.73746	0.0876814	0.459814	0.547496	0.664209	0.768898	1.43311	0.767139	0.863911	1.63105	1.16302	2.71079	3.87382	0.976225	1.49938	2.47561	0.32404	0.32228	0.64632	0.316709	0.431662	0.748371	
0.216418	0.363629	0.580046	0.729017	0.889424	1.61844	0.0366561	0.213192	0.249848	0.329612	0.483567	0.813179	0.455122	0.572129	1.02725	0.552774	1.28648	1.83926	0.663036	1.08238	1.74542	0.526088	0.296475	0.822563	0.323747	0.432542	0.756289	
0.237238	0.31143	0.548669	0.985023	0.916109	1.90113	0.0351899	0.20674	0.24193	0.312017	0.587377	0.899394	0.478582	0.599987	1.07857	0.556586	1.24543	1.80201	0.644854	1.07886	1.72372	0.530487	0.350432	0.88092	0.450137	0.503215	0.953352	
0.21935	0.424918	0.644268	0.728137	0.912297	1.64043	0.0407616	0.256006	0.296768	0.31143	0.498816	0.810247	0.404683	0.516998	0.921681	0.654825	1.49352	2.14834	1.03488	1.59498	2.62986	0.504681	0.388261	0.892943	0.327852	0.42873	0.756582	
0.211726	0.333717	0.545443	0.804088	0.972413	1.7765	0.0413481	0.224335	0.265683	0.356884	0.499403	0.856287	0.577114	0.679164	1.25628	0.722272	1.41639	2.13866	1.17798	2.11139	3.28937	0.31407	0.330491	0.644561	0.397059	0.406443	0.803502	
0.208793	0.362162	0.570956	0.703211	0.916109	1.61932	0.0354831	0.24457	0.280053	0.294422	1.05921	1.35364	0.443979	0.529021	0.973	0.546029	1.30056	1.84659	0.645441	1.02813	1.67357	0.301753	0.295595	0.597348	0.323747	0.407909	0.731656	
0.248089	0.297648	0.545736	0.699105	0.931065	1.63017	0.0375359	0.245156	0.282692	0.313483	0.458055	0.771538	0.419932	1.01347	1.4334	0.550721	1.2598	1.81052	0.654531	1.01963	1.67416	0.302046	0.300873	0.60292	0.308498	0.404977	0.713474	
0.224335	0.295888	0.520223	1.40408	2.24101	3.64508	0.209966	0.436061	0.646027	0.675939	1.08561	1.76155	0.44955	0.477409	0.92696	0.547789	1.26947	1.81726	0.677112	1.00057	1.67768	0.282985	0.321987	0.604972	0.478289	1.04514	1.52343	
0.22023	0.309964	0.530194	0.70585	0.947487	1.65334	0.0392953	0.446325	0.48562	0.453949	0.780335	1.23428	0.416413	0.535179	0.951593	0.551015	1.22754	1.77855	0.64896	1.051	1.69996	0.285331	0.302633	0.587964	0.568903	0.987076	1.55598	
0.507321	0.850422	1.35774	1.61346	1.15921	2.77267	0.0360696	0.213485	0.249555	0.308498	0.53254	0.841038	0.45219	0.558053	1.01024	1.12813	1.19616	2.32429	0.655998	1.04455	1.70055	0.298234	0.302046	0.60028	0.308498	0.436648	0.745145	
0.190612	0.375945	0.566557	1.6504	2.77149	4.4219	0.118179	0.56773	0.685909	0.284745	0.464799	0.749544	1.01728	1.13223	2.14951	1.34777	2.61666	3.96443	0.638989	1.03722	1.67621	0.273015	0.303513	0.576527	0.338409	0.430489	0.768898	
0.390021	0.441926	0.831947	0.729896	0.98209	1.71199	0.0398818	0.187093	0.226975	0.315536	0.582685	0.898221	1.08707	1.09939	2.18646	0.642508	1.73486	2.37737	0.783854	1.33164	2.1155	0.393247	0.352485	0.745732	0.374772	0.458641	0.833413	
0.213778	1.17241	1.38619	0.931065	1.80671	2.73777	0.0560105	0.471544	0.527555	0.489139	1.10086	1.59	0.419932	0.857753	1.27769	0.805848	2.08676	2.89261	0.840158	1.15775	1.9979	0.403804	0.319934	0.723738	0.419346	0.441926	0.861272	
0.285624	1.10232	1.38795	0.825496	0.926666	1.75216	0.0372426	0.259232	0.296475	0.315829	0.478289	0.794118	0.409082	0.707023	1.11611	0.557173	1.31434	1.87151	0.639576	1.0815	1.72108	0.37096	0.308498	0.679458	0.38357	0.42785	0.81142	
0.24457	0.333424	0.577993	0.782681	1.25833	2.04101	0.0463333	0.316416	0.362749	0.354245	0.684736	1.03898	0.551308	0.614943	1.16625	0.604093	1.8158	2.41989	0.652772	1.16977	1.82254	0.32492	0.314363	0.639283	0.74104	0.482981	1.22402	
0.263631	0.377411	0.641042	0.710249	0.950713	1.66096	0.0439873	0.236359	0.280346	0.328439	0.49647	0.824909	0.578287	0.513185	1.09147	0.575648	1.30202	1.87767	0.626086	1.25745	1.88354	0.273308	0.302926	0.576234	0.442806	0.463333	0.906139	
0.273015	0.322867	0.595882	0.968308	0.965375	1.93368	0.0422278	0.259525	0.301753	0.396766	0.509667	0.906432	0.646027	0.615823	1.26185	0.638989	1.38267	2.02166	0.66069	1.07505	1.73574	0.281812	0.31231	0.594122	0.988835	0.831361	1.8202	
0.422572	0.333424	0.755996	0.739574	0.986782	1.72636	0.0460401	0.251608	0.297648	0.48562	0.523742	1.00936	0.414361	0.548375	0.962736	0.714647	1.33018	2.04482	0.643095	1.23546	1.87855	0.472717	0.310551	0.783268	0.33577	0.433715	0.769485	
0.566264	0.606732	1.173	0.903206	1.13957	2.04277	0.0410548	0.315536	0.356591	0.3692	0.508494	0.877694	0.463626	0.540164	1.00379	0.664209	1.28502	1.94923	0.782388	1.06919	1.85157	0.282105	0.314363	0.596468	0.325506	0.656584	0.98209	
0.356297	0.368027	0.724325	1.28502	1.29147	2.57648	0.0598228	0.248675	0.308498	0.681804	0.50996	1.19176	0.492072	0.526382	1.01845	0.642215	1.30378	1.946	0.650719	1.07798	1.7287	0.348086	0.309671	0.657757	0.355124	0.461574	0.816698	
0.305859	0.326679	0.632538	0.819337	0.977105	1.79644	0.0392953	0.25454	0.293835	0.402924	0.528434	0.931358	0.404977	0.581806	0.986782	0.536059	1.55422	2.09028	0.702038	1.09089	1.79292	0.338996	0.307618	0.646614	0.373013	0.414067	0.78708	
0.299407	0.332251	0.631658	0.758048	0.942795	1.70084	0.0390021	0.233426	0.272428	0.434302	0.493538	0.927839	0.404977	0.527555	0.932531	0.538698	1.29968	1.83838	0.635764	1.07065	1.70642	0.288264	0.303806	0.592069	0.38093	0.421985	0.802915	
0.204981	0.318468	0.523449	0.708489	0.953352	1.66184	0.0387088	0.236065	0.274774	0.302926	0.48562	0.788546	0.392367	0.513185	0.905552	0.514945	1.56654	2.08148	0.633711	1.03077	1.66448	0.289143	0.297061	0.586204	0.353658	0.400578	0.754236	
0.210846	0.31143	0.522276	0.692947	1.09294	1.78589	0.0360696	0.234892	0.270962	0.310844	0.466266	0.777109	0.401751	0.563038	0.964789	0.546323	1.24807	1.79439	0.626673	0.989715	1.61639	0.284451	0.2997	0.584152	0.343688	0.429316	0.773004	
0.2302	0.314949	0.54515	0.785614	0.889717	1.67533	0.0348966	0.248968	0.283865	0.326386	0.458348	0.784734	0.401164	0.502042	0.903206	0.546909	1.62343	2.17033	0.603506	1.03224	1.63574	0.280932	0.305272	0.586204	0.316709	0.405856	0.722565	
0.241344	0.317882	0.559226	0.743972	0.904673	1.64865	0.0357764	0.431076	0.466852	0.67066	0.776523	1.44718	0.755409	1.21992	1.97532	1.19558	2.63279	3.82836	0.665088	1.49176	2.15685	0.753356	0.422572	1.17593	0.310551	0.510546	0.821097	
0.472717	0.328439	0.801156	1.01552	1.04015	2.05567	0.0387088	0.518464	0.557173	0.3475	0.492365	0.839865	0.387088	0.536939	0.924027	0.547789	1.20496	1.75275	0.643095	0.992061	1.63516	0.319055	0.306445	0.6255	0.331664	0.410842	0.742506	
0.275361	0.321987	0.597348	1.00232	0.899687	1.90201	0.0366561	0.246036	0.282692	0.34662	0.656291	1.00291	0.409962	0.517584	0.927546	0.584152	1.16772	1.75187	0.661863	1.01288	1.67474	0.307032	0.304686	0.611717	0.338409	0.414654	0.753063	
0.226975	0.326093	0.553067	0.70673	0.943675	1.6504	0.0369494	0.225215	0.262164	0.379171	0.469785	0.848955	0.506441	0.774763	1.2812	1.22549	1.73193	2.95741	0.628432	1.04836	1.6768	0.52081	0.669487	1.1903	0.70497	0.958924	1.66389	
0.493245	0.688548	1.18179	1.61903	2.22107	3.84009	0.0862152	0.430489	0.516704	0.306445	0.565677	0.872122	0.443392	0.51993	0.963322	0.559519	1.29088	1.8504	0.725791	1.1425	1.86829	0.263631	0.352778	0.616409	0.547496	0.546323	1.09382	
0.225215	0.317002	0.542217	1.85949	2.73425	4.59374	0.11466	0.544856	0.659517	0.817871	1.38003	2.1979	1.08678	1.49498	2.58176	1.49293	2.65859	4.15152	0.822856	1.05364	1.8765	0.520517	1.65128	2.1718	0.771538	0.755116	1.52665	
0.193837	0.894996	1.08883	2.04805	1.36009	3.40814	0.0489726	0.559519	0.608491	0.859512	1.32724	2.18676	1.0815	1.49176	2.57326	0.681217	1.68559	2.36681	0.828428	1.3117	2.14013	0.293249	0.311137	0.604386	0.278586	0.472717	0.751304	
0.239584	0.306445	0.546029	1.1249	1.33106	2.45596	0.0533713	0.295595	0.348966	0.48474	0.472424	0.957164	0.406443	0.504975	0.911417	0.527848	1.22461	1.75246	0.93605	1.47915	2.4152	0.397059	0.407616	0.804675	0.389141	0.482101	0.871242	
0.263044	0.432835	0.69588	0.967428	1.37416	2.34159	0.0627553	0.324333	0.387088	0.420226	0.676232	1.09646	0.518464	0.712888	1.23135	0.741333	1.62577	2.3671	0.632831	1.0293	1.66213	0.280639	0.292076	0.572715	0.297941	0.421399	0.719339	
0.216124	0.301753	0.517877	0.689721	0.912884	1.6026	0.0366561	0.234599	0.271255	0.33489	0.459228	0.794118	0.396766	0.504095	0.90086	0.537818	1.2249	1.76272	0.648666	1.02872	1.67738	0.270375	0.285918	0.556293	0.310551	0.408496	0.719046	
0.379171	0.307325	0.686496	0.702331	0.908778	1.61111	0.0390021	0.229614	0.268616	0.446325	0.660396	1.10672	0.738694	0.758048	1.49674	0.996166	1.34337	2.33954	0.644268	1.02608	1.67035	0.273894	0.527555	0.801449	0.42873	0.548669	0.977398	
0.286211	0.401751	0.687962	0.886785	1.23428	2.12107	0.0480928	0.277413	0.325506	0.384156	0.616116	1.00027	0.615823	0.513772	1.12959	0.595882	1.88266	2.47854	0.814352	1.93192	2.74628	0.358643	0.402924	0.761567	0.471251	0.411721	0.882972	
0.377998	0.49911	0.877107	0.865377	2.41901	3.28439	0.061289	0.259525	0.320814	0.384742	0.583565	0.968308	0.534299	0.5777	1.112	0.697346	1.35364	2.05098	0.629899	1.57475	2.20464	0.363335	0.431662	0.794998	0.390901	0.410842	0.801742	
0.226681	0.312897	0.539578	0.707903	0.916109	1.62401	0.109675	0.361576	0.471251	0.317882	0.51905	0.836932	0.57682	0.699105	1.27593	0.698519	1.64278	2.3413	0.807901	1.37563	2.18353	0.355418	0.398818	0.754236	0.462453	0.51084	0.973293	
0.40439	0.970947	1.37534	0.899394	1.06684	1.96623	0.0419346	0.237825	0.279759	0.387675	0.487086	0.874761	0.416413	0.522863	0.939276	0.742506	1.25569	1.9982	0.655411	1.04426	1.69967	0.28885	0.296475	0.585325	0.411135	0.651306	1.06244	
0.419053	0.62638	1.04543	0.846903	1.45745	2.30435	0.0372426	0.240757	0.278	0.318762	0.496764	0.815525	0.410842	0.504681	0.915523	0.533126	1.22578	1.75891	0.830188	1.45393	2.28412	0.28973	0.290316	0.580046	0.326972	0.399991	0.726964	
0.215538	0.458348	0.673886	1.03048	1.35452	2.38499	0.0859219	0.275067	0.360989	0.699985	0.629605	1.32959	0.385036	0.504681	0.889717	0.633711	1.29645	1.93016	0.664502	1.10262	1.76712	0.304979	0.294715	0.599694	0.403217	0.913177	1.31639	
0.214658	0.316416	0.531074	0.954525	1.35833	2.31285	0.0548375	0.282692	0.337529	0.396766	0.667728	1.06449	0.523449	0.726671	1.25012	0.733415	1.54953	2.28294	0.631951	1.05863	1.69058	0.295008	0.286504	0.581512	0.307032	0.407909	0.714941	
0.2302	0.309671	0.539871	0.684736	1.30672	1.99145	0.0351899	0.244276	0.279466	0.321107	0.476823	0.79793	0.410255	0.511426	0.921681	0.553067	1.22725	1.78031	0.640455	1.04279	1.68325	0.275361	0.284451	0.559812	0.304392	0.409082	0.713474	
0.243983	0.313776	0.557759	0.693534	0.882386	1.57592	0.0351899	0.251901	0.287091	0.312897	0.52169	0.834586	0.407616	0.499989	0.907605	0.537818	1.24132	1.77914	0.63723	1.05658	1.69381	0.292076	0.332251	0.624327	0.592656	0.959217	1.55187	
0.60116	0.729017	1.33018	1.6853	2.24013	3.92543	0.0876814	0.459228	0.546909	0.669487	1.12109	1.79058	0.872709	1.20848	2.08119	1.02696	1.30085	2.32781	0.668314	1.07124	1.73955	0.465386	0.32316	0.788546	0.543097	0.520223	1.06332	
0.218177	0.329905	0.548082	0.787666	1.23018	2.01785	0.0472131	0.421105	0.468318	0.611131	0.828135	1.43927	0.719926	0.862445	1.58237	0.961563	2.11315	3.07471	1.19059	1.44806	2.63865	0.35923	0.53166	0.89089	0.5082	0.486207	0.994407	
0.273894	0.363042	0.636937	1.69615	2.16594	3.86209	0.0609958	0.353951	0.414947	0.353365	0.555707	0.909071	0.439287	0.581806	1.02109	0.656291	2.28001	2.9363	0.754529	1.22901	1.98354	0.325213	0.333424	0.658637	0.329025	0.451896	0.780922	
0.31143	0.325506	0.636937	1.19059	1.11141	2.302	0.0454536	0.240171	0.285624	0.389728	0.512306	0.902033	0.466559	0.778576	1.24513	0.690894	1.31845	2.00934	0.776523	1.13282	1.90934	0.3692	0.336063	0.705263	0.395593	0.429023	0.824616	
0.278586	0.776523	1.05511	0.78532	0.985316	1.77064	0.0419346	0.315243	0.357177	0.37184	0.514652	0.886491	0.509667	0.562745	1.07241	0.55688	1.34396	1.90084	0.653652	1.09001	1.74366	0.31407	0.319348	0.633418	0.316416	0.421399	0.737814	
0.211139	0.317882	0.529021	0.705557	0.975346	1.6809	0.0392953	0.237532	0.276827	0.524036	0.502335	1.02637	0.423158	0.557173	0.980331	0.543977	1.35246	1.89644	0.619342	1.06977	1.68911	0.312603	0.327852	0.640455	0.335183	0.409375	0.744559	
0.244863	0.320521	0.565384	0.697053	0.90174	1.59879	0.0354831	0.273015	0.308498	0.322574	0.477409	0.799983	0.40615	0.578873	0.985023	0.544856	1.27622	1.82108	0.650719	1.07945	1.73017	0.536939	0.31143	0.848369	0.310257	0.412015	0.722272	
0.23284	0.313776	0.546616	0.724031	0.963029	1.68706	0.0401751	0.270375	0.310551	0.738401	1.08854	1.82694	0.996166	1.18502	2.18118	1.3073	3.23805	4.54536	0.644268	1.14162	1.78589	0.317295	0.304099	0.621394	0.309084	0.415534	0.724618	
0.229907	0.339582	0.569489	0.724618	0.961856	1.68647	0.0372426	0.250435	0.287677	0.53342	0.49911	1.03253	0.420226	0.535766	0.955991	0.753063	1.27739	2.03046	0.656291	1.05951	1.7158	0.292956	0.292956	0.585911	0.33665	0.448084	0.784734	
0.212899	0.314363	0.527261	0.690308	0.887078	1.57739	0.0351899	0.243103	0.278293	0.330491	0.479755	0.810247	0.402631	0.515825	0.918455	0.565677	1.26449	1.83017	0.692067	1.11229	1.80436	0.273601	0.316709	0.59031	0.421985	0.537232	0.959217	
0.35835	0.313483	0.671833	0.70409	0.957751	1.66184	0.0410548	0.250728	0.291783	0.319348	0.491192	0.81054	0.398232	0.532833	0.931065	0.539578	1.3073	1.84688	0.6472	1.07094	1.71815	0.309084	0.30146	0.610544	0.325213	0.424038	0.749251	
