Using Best Grid Path: true
Using Waypoints: true
Using Best Waypoint Path: false
Heuristic: Manhattan Distance


0_WaypointTraversalTime	0_GridTraversalTime	0_TotalTraversalTime	1_WaypointTraversalTime	1_GridTraversalTime	1_TotalTraversalTime	2_WaypointTraversalTime	2_GridTraversalTime	2_TotalTraversalTime	3_WaypointTraversalTime	3_GridTraversalTime	3_TotalTraversalTime	4_WaypointTraversalTime	4_GridTraversalTime	4_TotalTraversalTime	5_WaypointTraversalTime	5_GridTraversalTime	5_TotalTraversalTime	6_WaypointTraversalTime	6_GridTraversalTime	6_TotalTraversalTime	7_WaypointTraversalTime	7_GridTraversalTime	7_TotalTraversalTime	8_WaypointTraversalTime	8_GridTraversalTime	8_TotalTraversalTime	
0.413188	8.65671	9.06989	0.733709	1.34748	2.08119	0.0390021	0.227268	0.26627	0.393247	0.55512	0.948367	0.486793	1.24924	1.73603	0.536352	1.70407	2.24042	0.77359	1.43164	2.20523	0.28797	0.317002	0.604972	0.478582	0.464213	0.942795	
0.239584	6.84853	7.08812	0.807021	1.37182	2.17884	0.0504388	0.338409	0.388848	0.315536	0.50996	0.825496	0.383863	0.807901	1.19176	0.519637	1.74806	2.26769	0.619342	1.42196	2.04131	0.35747	0.529607	0.887078	0.306738	0.47477	0.781508	
0.21935	6.75939	6.97874	0.812886	1.4032	2.21608	0.0378291	0.277707	0.315536	0.341928	0.511133	0.853061	0.782681	1.1032	1.88588	1.07916	2.26417	3.34333	0.634004	1.45012	2.08412	0.30058	0.302926	0.603506	0.310551	0.401458	0.712008	
0.206447	6.68959	6.89604	0.687962	1.82547	2.51344	0.0387088	0.192371	0.23108	0.293542	0.460694	0.754236	0.511133	0.800276	1.31141	0.543977	1.66096	2.20494	0.611131	1.41141	2.02254	0.257766	0.283572	0.541337	0.307032	0.411135	0.718166	
0.214658	7.10747	7.32213	0.698812	1.82166	2.52047	0.0595295	0.438407	0.497937	0.381224	0.61289	0.994114	0.426384	0.887078	1.31346	0.548962	1.66829	2.21725	0.631951	1.60935	2.2413	0.303513	0.297061	0.600574	0.735175	0.565091	1.30027	
0.278293	7.52535	7.80365	0.726377	1.37827	2.10465	0.0387088	0.237532	0.27624	0.307032	0.482101	0.789133	0.592363	0.834293	1.42666	0.547202	1.57416	2.12136	0.647787	1.39586	2.04365	0.30146	0.288557	0.590017	0.344274	0.432835	0.777109	
0.224629	6.74502	6.96965	0.700572	1.33311	2.03368	0.0463333	0.452776	0.49911	0.337823	0.526675	0.864498	0.389434	0.814059	1.20349	0.556293	1.69791	2.2542	0.622861	1.84952	2.47238	0.359816	0.297061	0.656877	0.299407	0.415534	0.714941	
0.22111	6.66085	6.88196	0.698812	1.36566	2.06447	0.0351899	0.24369	0.27888	0.498816	0.618169	1.11698	0.406736	0.814352	1.22109	0.529607	1.6117	2.1413	0.629019	1.43105	2.06007	0.271842	0.282692	0.554534	0.320814	0.397939	0.718753	
0.236945	6.8978	7.13474	0.724325	1.2859	2.01022	0.0354831	0.228734	0.264217	0.318762	0.468905	0.787666	0.40351	0.77447	1.17798	1.09939	3.88995	4.98934	0.611131	1.42666	2.03779	0.278	0.303806	0.581806	0.287677	0.42873	0.716407	
0.214951	6.96701	7.18196	1.39088	1.39264	2.78352	0.0369494	0.251608	0.288557	0.310257	0.475356	0.785614	0.438114	0.803502	1.24162	0.562158	1.61639	2.17855	0.647787	1.47915	2.12693	0.27712	0.299407	0.576527	0.303513	0.395299	0.698812	
0.234306	6.79018	7.02448	0.69324	1.35334	2.04658	0.0381224	0.229907	0.268029	0.323747	0.462747	0.786493	0.43958	0.829015	1.26859	0.922268	2.36828	3.29055	0.652479	1.49322	2.1457	0.284158	0.313483	0.597641	0.621394	0.399698	1.02109	
0.189732	6.48403	6.67376	0.711422	1.33721	2.04864	0.0346034	0.207913	0.242517	0.332544	0.464506	0.79705	0.399112	1.6941	2.09321	0.64632	1.80729	2.45361	1.14162	1.68647	2.82809	0.270082	0.281519	0.551601	0.34574	0.408789	0.754529	
0.358643	8.80157	9.16021	1.50965	2.17913	3.68878	0.0413481	0.258939	0.300287	0.459228	0.745439	1.20467	0.42697	0.830774	1.25774	0.734295	2.36212	3.09641	1.05423	1.49821	2.55244	0.272721	0.409669	0.68239	0.603799	0.959217	1.56302	
0.348086	6.79751	7.14559	0.686789	1.37182	2.05861	0.0375359	0.436354	0.47389	0.674766	1.09734	1.7721	0.863325	1.89761	2.76094	1.20496	2.14893	3.35389	0.685616	1.88911	2.57472	0.367734	0.336356	0.70409	0.516118	0.411135	0.927253	
0.214951	7.06466	7.27961	0.720219	1.33546	2.05567	0.0914936	0.243397	0.33489	0.456588	0.522276	0.978865	0.922561	1.92782	2.85038	1.66272	3.93393	5.59665	0.691774	1.51082	2.20259	0.2997	0.321401	0.621101	0.31319	0.418759	0.731949	
0.510253	8.98661	9.49686	0.699399	1.32109	2.02048	0.0366561	0.516704	0.553361	0.485034	0.496177	0.981211	0.410548	0.809074	1.21962	0.551601	1.66213	2.21374	0.615236	1.42167	2.03691	0.298821	0.294129	0.592949	0.56773	0.438994	1.00672	
0.286211	6.98519	7.2714	0.752183	1.41786	2.17004	0.0395886	0.253074	0.292662	0.686789	0.613477	1.30027	0.395593	0.842797	1.23839	0.893823	2.69202	3.58585	0.665968	1.50202	2.16799	0.50908	0.497057	1.00614	0.54251	0.639576	1.18209	
0.319934	8.99717	9.3171	0.714061	1.44249	2.15655	0.0387088	0.215538	0.254247	0.322867	0.468905	0.791772	0.699692	0.915523	1.61521	0.54339	1.65832	2.20171	0.683856	1.46712	2.15098	0.282692	0.328145	0.610837	0.310257	0.422278	0.732536	
0.384449	6.84091	7.22536	0.693827	1.40613	2.09996	0.0378291	0.227854	0.265683	0.322574	0.458348	0.780922	0.397939	0.775936	1.17388	0.535766	1.57387	2.10963	0.629019	1.43721	2.06623	0.275067	0.280346	0.555413	0.288557	0.392367	0.680924	
0.230787	6.8629	7.09369	0.757169	1.7941	2.55127	0.0387088	0.243103	0.281812	0.314949	1.02754	1.34249	0.488553	0.924027	1.41258	0.539285	1.79175	2.33104	2.39555	3.23541	5.63096	0.307618	0.308498	0.616116	0.31407	0.410842	0.724911	
0.234599	7.08049	7.31509	0.719633	1.38736	2.10699	0.0378291	0.232546	0.270375	0.295888	0.470958	0.766846	0.389434	0.783268	1.1727	0.526675	1.64689	2.17356	0.641922	1.37475	2.01667	0.280053	0.285624	0.565677	0.315536	0.399698	0.715234	
0.379464	6.55998	6.93944	1.81932	3.22632	5.04564	0.0407616	0.19589	0.236652	0.578287	1.05364	1.63193	0.614356	0.779162	1.39352	0.529607	1.66125	2.19086	1.28208	3.49465	4.77673	0.627553	0.68415	1.3117	0.689135	0.931945	1.62108	
0.489432	8.78398	9.27341	1.86272	1.34425	3.20697	0.0378291	0.2085	0.246329	0.330491	0.517584	0.848076	0.390607	0.781801	1.17241	1.04133	1.98705	3.02838	0.763913	1.37446	2.13837	0.279759	0.331371	0.611131	0.283278	0.492365	0.775643	
0.199116	6.68901	6.88812	1.46478	1.6463	3.11108	0.0360696	0.177416	0.213485	0.280053	0.546323	0.826375	0.427264	0.857753	1.28502	0.560399	1.6246	2.185	0.660103	1.44689	2.10699	0.26539	0.758342	1.02373	0.32492	0.438114	0.763034	
0.189146	6.57171	6.76085	0.735175	1.32079	2.05597	0.0343101	0.207913	0.242224	0.341048	0.477116	0.818164	0.41788	0.835466	1.25335	0.55424	1.61668	2.17092	0.688842	1.8765	2.56534	0.282105	0.310257	0.592363	0.278586	0.441926	0.720512	
0.199702	6.57464	6.77434	0.773004	2.77267	3.54567	0.0354831	0.280932	0.316416	0.660103	1.10995	1.77005	0.872122	1.79674	2.66886	0.873295	1.607	2.4803	1.59498	4.248	5.84298	0.264217	0.290023	0.55424	0.315829	0.415827	0.731656	
0.238118	6.9239	7.16202	0.743093	1.35246	2.09556	0.051905	0.223749	0.275654	0.321107	0.518171	0.839278	0.466852	0.957751	1.4246	0.860392	1.64278	2.50317	0.657757	2.36476	3.02252	0.346034	0.299994	0.646027	0.528434	0.60028	1.12871	
0.236359	8.94878	9.18514	0.733415	1.45803	2.19145	0.0392953	0.238411	0.277707	0.483274	1.11933	1.6026	0.411721	1.28326	1.69498	0.528141	1.57211	2.10025	0.626086	1.41463	2.04072	0.284158	0.287091	0.571249	0.31407	0.395593	0.709662	
0.218764	8.71125	8.93001	0.759808	1.40144	2.16124	0.0357764	0.346034	0.38181	0.480048	0.536645	1.01669	0.409669	0.837225	1.24689	0.551894	1.66008	2.21198	0.626673	1.45686	2.08353	0.296475	0.343981	0.640455	0.7862	0.97212	1.75832	
0.609958	11.0637	11.6737	0.721392	1.33634	2.05773	0.0363629	0.245743	0.282105	0.319934	0.458055	0.777989	0.400285	0.996166	1.39645	0.527848	1.67416	2.20201	0.619342	2.24453	2.86387	0.773004	0.859219	1.63222	0.409082	0.42961	0.838692	
0.20762	6.58021	6.78783	0.738987	1.28032	2.01931	0.0346034	0.17331	0.207913	0.321694	0.49647	0.818164	0.512012	2.38323	2.89525	1.47651	1.79292	3.26943	0.633124	1.44132	2.07444	0.62462	0.897928	1.52255	0.323747	0.415827	0.739574	
0.217004	7.26495	7.48195	1.82283	3.68878	5.51161	0.0343101	0.48562	0.51993	0.836346	1.32167	2.15802	1.07652	1.11493	2.19145	0.551894	1.59615	2.14805	0.61289	1.43604	2.04893	0.260698	0.279173	0.539871	0.321987	0.398818	0.720806	
0.270962	7.06788	7.33885	0.727844	1.39323	2.12107	0.0354831	0.240171	0.275654	0.321987	0.446032	0.768019	0.377118	1.19939	1.57651	0.547496	1.60495	2.15245	0.64632	1.42666	2.07298	0.279759	0.290316	0.570076	0.309378	0.402044	0.711422	
0.233133	6.52977	6.76291	0.683563	1.33839	2.02195	0.0375359	0.686789	0.724325	0.297061	0.479169	0.77623	1.19411	2.71255	3.90666	1.429	6.56965	7.99866	1.24425	1.68882	2.93308	0.608491	0.444272	1.05276	0.556586	0.433129	0.989715	
0.38269	7.80951	8.1922	0.734882	1.35452	2.0894	0.0395886	0.237532	0.27712	0.510253	0.639576	1.14983	0.577993	1.05394	1.63193	0.780628	2.59291	3.37353	0.628432	1.43399	2.06242	0.283865	0.292956	0.57682	0.28973	0.412015	0.701745	
0.223749	6.6981	6.92185	0.887078	1.38736	2.27444	0.0410548	0.241344	0.282399	0.318762	0.496764	0.815525	0.407323	0.856287	1.26361	0.53254	1.64923	2.18177	0.634297	1.4727	2.10699	0.443979	0.307911	0.75189	0.319055	0.435768	0.754823	
0.401751	8.88016	9.28191	1.20261	2.78059	3.9832	0.0844557	0.395593	0.480048	0.522569	0.532247	1.05482	0.612597	0.930185	1.54278	0.85746	3.36503	4.22249	0.806728	2.4891	3.29582	0.368907	0.553947	0.922854	0.420519	0.601453	1.02197	
0.202635	7.08519	7.28782	0.696173	1.33252	2.0287	0.0533713	0.364215	0.417586	0.297354	0.464506	0.761861	0.385622	0.788546	1.17417	0.518464	1.61346	2.13192	0.612304	1.42871	2.04101	0.282399	0.286797	0.569196	0.307911	0.407323	0.715234	
0.212019	6.61716	6.82918	0.674766	1.56243	2.2372	0.0369494	0.214072	0.251021	0.296181	0.453949	0.750131	0.379464	0.785027	1.16449	0.529314	1.6287	2.15802	0.748664	1.47885	2.22752	0.281812	0.284745	0.566557	0.30146	0.403804	0.705263	
0.212312	6.69751	6.90982	0.692947	1.34308	2.03603	0.0354831	0.244276	0.279759	0.292076	0.459521	0.751597	0.399112	0.78796	1.18707	0.538405	1.97298	2.51138	0.620515	1.44308	2.06359	0.290903	0.297061	0.587964	0.327266	0.406443	0.733709	
0.229907	7.10571	7.33562	0.909951	1.36331	2.27327	0.0369494	0.24193	0.27888	0.304392	0.483567	0.78796	0.532833	0.873002	1.40584	0.520517	2.03251	2.55302	0.844557	1.49381	2.33837	0.299407	0.295595	0.595002	0.410842	0.405563	0.816405	
0.214072	7.0846	7.29867	0.70585	1.37299	2.07884	0.0882679	0.316416	0.404683	1.00878	0.823736	1.83251	0.88092	1.13869	2.0196	0.580339	1.74923	2.32957	0.77447	1.65275	2.42722	0.287677	0.302633	0.59031	0.349553	0.529901	0.879453	
0.478582	8.78368	9.26227	0.791772	1.88852	2.68029	0.170671	0.259818	0.430489	0.31231	0.855114	1.16742	0.702918	1.11523	1.81814	0.533126	1.6985	2.23162	0.602333	1.45188	2.05421	0.275947	0.290316	0.566264	0.302926	0.399698	0.702624	
0.211139	6.84765	7.05879	0.680044	1.29587	1.97591	0.0395886	0.227561	0.26715	0.294715	0.454829	0.749544	0.380051	0.826375	1.20643	0.877987	1.64014	2.51813	0.61289	1.4202	2.03309	0.273015	0.284158	0.557173	0.310844	0.428143	0.738987	
0.212312	13.4584	13.6707	0.712301	1.28678	1.99908	0.0381224	0.225215	0.263337	0.301167	0.449844	0.75101	0.379464	0.810833	1.1903	1.0988	2.94041	4.03921	0.614063	1.52196	2.13602	0.280053	0.291489	0.571542	0.30146	0.421105	0.722565	
0.23196	8.23355	8.46551	0.738401	1.42079	2.15919	0.0392953	0.212605	0.251901	0.302046	0.465093	0.767139	0.396766	0.792945	1.18971	0.527261	1.64571	2.17297	0.608491	1.43721	2.0457	0.292076	0.282692	0.574768	0.298821	0.397645	0.696466	
0.225508	6.85059	7.07609	0.733122	1.37592	2.10905	0.0404683	0.257179	0.297648	0.327852	0.487086	0.814939	0.394126	0.819631	1.21376	0.650133	1.6029	2.25303	0.617582	1.48149	2.09908	0.284745	0.283865	0.56861	0.310257	0.407029	0.717287	
0.217297	6.86906	7.08636	0.703504	1.2683	1.97181	0.0363629	0.468025	0.504388	0.622861	1.16185	1.78471	0.96039	2.03427	2.99466	1.28619	4.13686	5.42305	0.640455	1.48413	2.12459	0.273894	0.343981	0.617875	0.308498	0.416707	0.725204	
0.219643	7.18958	7.40923	0.689135	1.30056	1.98969	0.0372426	0.297354	0.334597	0.375359	0.491485	0.866844	0.414947	0.863031	1.27798	0.599987	2.1894	2.78938	0.626673	1.97562	2.60229	0.341928	0.348086	0.690015	0.369787	0.477409	0.847196	
0.254833	7.98106	8.23589	0.846609	1.61052	2.45713	0.0451603	0.250435	0.295595	0.34574	0.90174	1.24748	0.650719	0.894996	1.54571	0.589137	1.88618	2.47531	0.658344	2.26916	2.9275	0.296181	0.302046	0.598228	0.351019	0.419639	0.770658	
0.224335	6.76848	6.99281	0.701158	1.46097	2.16212	0.0375359	0.207913	0.245449	0.304392	0.46392	0.768312	0.400578	0.826962	1.22754	1.05804	1.64689	2.70493	0.834	1.73603	2.57003	0.329318	0.343101	0.67242	0.365975	0.584445	0.95042	
0.248089	6.96759	7.21568	1.15335	1.95333	3.10668	0.0410548	0.272721	0.313776	0.337529	0.493538	0.831067	0.412308	0.928133	1.34044	0.558639	1.69117	2.24981	0.63547	1.46536	2.10083	0.632538	0.738694	1.37123	0.82139	0.948074	1.76946	
0.259232	8.28017	8.53941	1.73633	3.21107	4.9474	0.125511	0.19677	0.32228	0.315829	0.475943	0.791772	0.390607	0.798223	1.18883	0.647493	1.64542	2.29291	0.664502	1.48003	2.14453	0.280932	0.336356	0.617289	0.31231	0.410842	0.723152	
0.225802	6.84853	7.07434	0.95042	1.42519	2.37561	0.0434008	0.221696	0.265097	0.319055	0.931945	1.251	0.502629	0.843677	1.34631	0.54251	1.70847	2.25098	0.659223	1.50055	2.15978	0.27888	0.309671	0.58855	0.318175	1.17915	1.49733	
0.249555	7.00366	7.25322	0.702038	1.35569	2.05773	0.0821097	0.433422	0.515531	0.326679	0.501162	0.827842	0.920801	0.952472	1.87327	0.592949	1.746	2.33895	0.910831	1.50701	2.41784	0.309084	0.339582	0.648666	0.354831	0.438407	0.793238	
0.371253	6.78343	7.15469	0.721099	1.40554	2.12664	0.0422278	0.249262	0.291489	0.319348	0.495591	0.814939	0.456882	1.28384	1.74073	0.536645	1.63428	2.17092	0.643681	1.49879	2.14248	0.292076	0.443392	0.735468	0.521983	0.639283	1.16127	
0.454242	7.884	8.33824	0.709076	1.35422	2.0633	0.0410548	0.364802	0.405856	0.307911	0.485327	0.793238	0.479755	1.16244	1.64219	0.653358	1.68501	2.33837	1.02578	1.68853	2.71431	0.599107	0.468905	1.06801	0.32316	0.465972	0.789133	
0.229614	7.65174	7.88136	0.858339	1.39	2.24834	0.0466266	0.216711	0.263337	0.305272	0.504975	0.810247	0.39266	0.816112	1.20877	0.525795	1.75568	2.28148	0.638696	1.43311	2.0718	0.282399	0.295888	0.578287	0.306738	0.406443	0.713181	
0.214658	6.60396	6.81862	0.680924	1.35158	2.03251	0.0387088	0.238118	0.276827	0.28797	0.46128	0.749251	0.380051	0.790599	1.17065	0.558346	1.68002	2.23837	0.611131	1.43692	2.04805	0.269496	0.297941	0.567437	0.311724	0.396766	0.708489	
0.213485	6.81188	7.02536	0.965375	1.32079	2.28617	0.0363629	0.227268	0.263631	0.31143	0.447791	0.759221	0.633418	1.32988	1.9633	1.12578	3.84068	4.96646	1.4724	3.2102	4.6826	0.784147	0.558053	1.3422	0.316709	0.437821	0.754529	
0.221403	6.77258	6.99399	0.897341	1.38824	2.28558	0.0366561	0.239291	0.275947	0.341048	0.525209	0.866257	0.431956	0.804968	1.23692	0.590017	1.62606	2.21608	0.680924	1.48325	2.16418	0.292662	0.31319	0.605852	0.308205	0.419346	0.72755	
0.23108	7.07404	7.30512	0.712008	1.32343	2.03544	0.0357764	0.194424	0.2302	0.343394	0.471251	0.814645	0.41524	0.93869	1.35393	0.528728	1.71081	2.23954	0.808194	3.48438	4.29258	0.624327	0.646614	1.27094	0.308205	0.433422	0.741626	
0.234013	7.01011	7.24413	0.739574	1.33282	2.07239	0.0357764	0.194424	0.2302	0.341635	0.458055	0.79969	0.778282	1.89116	2.66944	1.20379	2.22488	3.42867	0.649546	1.75158	2.40112	0.276827	0.282105	0.558932	0.699399	1.20232	1.90172	
0.213192	7.03651	7.2497	0.687082	1.65715	2.34423	0.0410548	0.536939	0.577993	0.283572	0.453069	0.736641	0.388848	0.853647	1.2425	1.29792	3.53805	4.83597	0.636057	1.46155	2.09761	0.271842	0.359523	0.631365	0.742506	0.873002	1.61551	
0.266563	9.49393	9.76049	1.03048	2.997	4.02748	0.0436941	0.204981	0.248675	0.32228	0.5082	0.830481	0.391487	0.911711	1.3032	0.98297	2.26711	3.25008	0.812886	2.98498	3.79787	0.615823	0.636057	1.25188	0.322867	0.455122	0.777989	
0.213778	7.15879	7.37257	0.736348	1.52988	2.26623	0.0709662	0.234599	0.305565	0.311724	0.501162	0.812886	0.973879	2.3935	3.36738	0.952766	1.95802	2.91079	0.620808	1.38062	2.00142	0.287091	0.284745	0.571835	0.786787	0.642508	1.42929	
0.235186	6.57259	6.80777	0.690015	1.32402	2.01403	0.0346034	0.224042	0.258645	0.352192	0.454829	0.807021	0.393833	0.829894	1.22373	0.540164	1.81257	2.35274	0.682097	1.44542	2.12752	0.283865	0.28973	0.573595	0.333717	0.402924	0.736641	
0.226388	8.89717	9.12356	0.730483	2.00905	2.73953	0.0372426	0.188559	0.225802	0.320228	0.494711	0.814939	0.933411	0.802622	1.73603	0.538405	2.61754	3.15594	1.55451	2.22928	3.78379	0.286504	0.296768	0.583272	0.331078	0.410842	0.74192	
0.223749	6.65587	6.87962	0.721685	1.33223	2.05391	0.0375359	0.23196	0.269496	0.287677	0.520517	0.808194	0.519637	1.49909	2.01873	0.961563	3.09348	4.05505	1.57563	1.41375	2.98938	0.327559	0.301167	0.628726	0.311137	0.55512	0.866257	
0.199702	7.12243	7.32213	0.740453	1.28766	2.02811	0.0357764	0.176243	0.212019	0.272428	0.595002	0.86743	0.406736	0.841624	1.24836	0.69588	1.59703	2.29291	0.690894	1.48179	2.17268	0.253954	0.340755	0.594709	0.314656	0.430489	0.745145	
0.188852	7.18254	7.3714	0.719633	1.32988	2.04952	0.0378291	0.181228	0.219057	0.286211	1.12344	1.40965	0.501749	1.86624	2.36798	0.537232	3.64684	4.18407	1.58061	2.87706	4.45768	0.250728	0.345447	0.596175	0.319348	0.433715	0.753063	
0.211139	6.71335	6.92449	1.64307	3.45066	5.09373	0.101464	0.468025	0.569489	0.839865	1.35276	2.19262	1.0903	2.24218	3.33248	0.582685	1.64278	2.22547	0.952179	2.71871	3.67089	0.285038	0.817285	1.10232	0.797637	0.414654	1.21229	
0.201169	7.7667	7.96786	0.891183	1.36067	2.25186	0.0369494	0.404977	0.441926	0.721099	1.17798	1.89908	0.92432	2.27297	3.19729	0.725498	1.99673	2.72223	0.634884	1.54513	2.18001	0.284451	0.310844	0.595295	0.305565	0.438994	0.744559	
0.217004	7.17668	7.39368	0.701451	1.52841	2.22986	0.0413481	0.240757	0.282105	0.317589	0.506734	0.824323	0.403804	0.833706	1.23751	0.810833	2.16975	2.98058	0.810833	1.89585	2.70669	0.348966	0.95042	1.29939	0.335183	0.429023	0.764207	
0.207034	7.26759	7.47462	0.992354	1.46214	2.45449	0.0404683	0.613477	0.653945	1.36801	1.29587	2.66387	0.517877	0.867723	1.3856	0.538405	2.21344	2.75185	0.610837	1.45158	2.06242	0.289437	0.309084	0.598521	0.290316	0.405856	0.696173	
0.280053	6.65558	6.93563	1.04895	1.92049	2.96944	0.0633418	0.260112	0.323453	0.710835	0.997339	1.70817	0.911417	2.13749	3.04891	1.33751	3.37911	4.71661	0.648666	1.49879	2.14746	0.287091	0.295302	0.582392	0.309084	0.403804	0.712888	
0.208207	7.36846	7.57667	0.940156	1.35334	2.2935	0.0381224	0.211726	0.249848	0.296181	0.480928	0.777109	0.390607	0.795291	1.1859	0.569196	1.6897	2.2589	0.634884	1.46331	2.0982	0.275654	0.294715	0.570369	0.310844	0.426677	0.737521	
0.208793	7.1453	7.35409	0.683563	1.41786	2.10142	0.0392953	0.262751	0.302046	0.417	0.499403	0.916403	0.414361	1.18648	1.60085	0.545736	1.68853	2.23426	0.94778	1.47006	2.41784	0.275361	0.294422	0.569783	0.302926	0.410842	0.713768	
0.214951	7.52975	7.7447	1.46302	1.49557	2.95859	0.0674472	0.290023	0.35747	0.374772	0.533713	0.908485	0.405856	0.834879	1.24074	0.564797	1.73075	2.29555	1.27241	1.66184	2.93425	0.295888	0.32316	0.619048	0.303513	0.401751	0.705263	
0.239291	6.88871	7.128	0.743093	1.91316	2.65625	0.0609958	0.197356	0.258352	0.294129	0.47477	0.768898	0.401751	0.825202	1.22695	0.725791	1.71639	2.44218	0.641628	1.48355	2.12517	0.278293	0.289143	0.567437	0.320521	0.406443	0.726964	
0.223749	7.14354	7.36729	1.05306	1.43252	2.48558	0.0363629	0.256006	0.292369	0.326972	0.475356	0.802329	0.424918	0.842211	1.26713	0.616116	1.68032	2.29643	0.630485	1.74923	2.37971	0.273015	0.309964	0.582979	0.323747	0.412308	0.736055	
0.224922	6.62918	6.85411	1.0859	1.27123	2.35713	0.0533713	0.199409	0.252781	0.273894	0.475356	0.749251	0.415534	0.819337	1.23487	0.54427	1.67914	2.22341	0.652185	1.45363	2.10582	0.344567	0.297354	0.641922	0.312603	0.409375	0.721979	
0.224629	7.03651	7.26113	0.733415	1.35833	2.09174	0.0363629	0.245449	0.281812	0.318175	0.480342	0.798517	0.379171	0.826082	1.20525	0.925787	1.56214	2.48792	0.610251	1.47827	2.08852	0.277707	0.280346	0.558053	0.307911	0.399112	0.707023	
0.236359	6.9283	7.16466	0.735175	1.27299	2.00817	0.0384156	0.226975	0.26539	0.330198	0.485327	0.815525	0.39354	0.848076	1.24162	0.569489	1.61961	2.1891	0.621101	1.39909	2.02019	0.284745	0.280053	0.564797	0.298527	0.4387	0.737228	
0.228148	6.70748	6.93563	0.697932	1.37152	2.06946	0.0360696	0.217591	0.25366	0.319055	0.460401	0.779455	0.412015	1.40408	1.81609	1.1903	4.11428	5.30458	1.54366	2.1979	3.74156	0.258352	0.333717	0.592069	0.353072	0.409962	0.763034	
0.214658	6.88343	7.09809	1.20525	1.36801	2.57326	0.0392953	0.221989	0.261285	0.308791	0.49823	0.807021	0.818458	0.777109	1.59557	0.607318	1.63838	2.2457	0.668314	1.38531	2.05362	0.599401	0.834586	1.43399	0.840451	0.49735	1.3378	
0.200582	7.82095	8.02153	0.713768	1.39674	2.11051	0.0460401	0.529021	0.575061	0.839865	1.08707	1.92694	0.40439	0.88092	1.28531	0.594709	1.64659	2.2413	1.46888	4.58817	6.05706	0.313776	0.407323	0.721099	1.61492	0.664209	2.27913	
0.217884	6.78578	7.00366	0.767139	1.42431	2.19145	0.0404683	0.363922	0.40439	0.485034	0.957751	1.44278	0.40351	1.33663	1.74014	0.540164	1.78002	2.32018	0.611424	1.53252	2.14394	0.468025	0.457761	0.925787	0.494418	0.61377	1.10819	
0.35835	7.73268	8.09103	0.731949	1.35422	2.08617	0.0390021	0.217591	0.256593	0.292956	0.475356	0.768312	0.405856	0.839865	1.24572	0.525502	2.09614	2.62164	0.661863	1.44015	2.10201	0.26715	0.285331	0.552481	0.297648	0.441926	0.739574	
0.224335	6.61364	6.83798	0.667728	1.34308	2.01081	0.0413481	0.24457	0.285918	0.317295	0.799396	1.11669	1.01376	0.856287	1.87005	0.562745	1.69029	2.25303	0.661569	2.19643	2.858	0.628139	0.672713	1.30085	0.69588	1.27329	1.96917	
0.226681	12.3813	12.6079	0.710542	1.38032	2.09086	0.0381224	0.269202	0.307325	0.380344	0.528141	0.908485	0.444565	0.851008	1.29557	0.563038	1.70084	2.26388	0.630192	1.47035	2.10054	0.285918	0.66978	0.955698	0.302633	0.404977	0.707609	
0.275654	6.80689	7.08255	0.833706	1.37739	2.2111	0.0489726	0.221989	0.270962	0.32404	0.504388	0.828428	0.389728	0.841038	1.23077	0.534006	1.78237	2.31637	0.620808	1.42988	2.05069	0.269789	0.294715	0.564504	0.308791	0.42873	0.737521	
0.212312	6.96847	7.18078	0.678578	1.32431	2.00289	0.0381224	0.21847	0.256593	0.297648	0.455415	0.753063	0.382983	0.788253	1.17124	0.531953	1.69674	2.22869	0.648373	1.49146	2.13984	0.292369	0.297648	0.590017	0.301167	0.411428	0.712595	
0.278	10.5001	10.7781	2.03544	3.22691	5.26235	0.0944261	0.437821	0.532247	0.31231	0.571835	0.884145	0.429903	0.965668	1.39557	1.61609	1.7416	3.3577	0.687669	1.49616	2.18382	0.302046	0.437821	0.739867	1.38062	1.16684	2.54745	
0.334304	8.15056	8.48486	1.62958	1.94189	3.57148	0.0568903	0.22111	0.278	1.01435	0.842504	1.85685	0.555413	1.10086	1.65627	0.645734	1.64483	2.29057	0.629605	1.52284	2.15245	0.292076	0.461867	0.753943	0.476529	0.420812	0.897341	
0.215538	7.68312	7.89866	0.860979	1.40232	2.26329	0.0404683	0.198823	0.239291	0.434888	0.491192	0.92608	0.527555	0.823443	1.351	0.56685	1.71873	2.28558	0.663329	1.5551	2.21843	0.284745	0.2997	0.584445	0.311137	0.412601	0.723738	
0.22023	6.94765	7.16788	1.06156	1.4073	2.46886	0.0381224	0.249262	0.287384	0.30234	0.48562	0.78796	0.40439	0.842504	1.24689	0.554827	1.67592	2.23074	0.622567	1.45745	2.08001	0.287677	0.333717	0.621394	0.421105	0.430196	0.851301	
0.248675	6.75205	7.00073	0.677698	1.32783	2.00553	0.0472131	0.234892	0.282105	0.76538	0.494418	1.2598	0.399991	0.816698	1.21669	0.562451	1.59703	2.15948	0.620221	1.36977	1.98999	0.276534	0.280639	0.557173	0.298527	0.397352	0.69588	
0.370373	11.7989	12.1692	1.55891	2.30171	3.86062	0.0357764	0.414947	0.450723	0.660103	1.08766	1.74776	0.901154	1.88383	2.78498	1.40408	2.46241	3.86649	0.680044	1.48794	2.16799	0.263924	0.353365	0.617289	0.524915	0.692654	1.21757	
0.242224	7.27726	7.51949	0.714354	1.35188	2.06623	0.0384156	0.598228	0.636643	0.768019	0.536352	1.30437	0.712888	0.836639	1.54953	1.67005	1.70495	3.375	0.662156	1.46243	2.12459	0.264804	0.426091	0.690894	0.314656	0.46304	0.777696	
0.188266	7.33533	7.52359	0.774763	1.46771	2.24247	0.0378291	0.177709	0.215538	0.33577	0.512599	0.848369	0.425797	0.834879	1.26068	0.588844	3.03542	3.62426	0.824323	1.45539	2.27972	0.259525	0.654825	0.91435	0.341635	0.445738	0.787373	
