Using Best Grid Path: true
Using Waypoints: true
Using Best Waypoint Path: true
Heuristic: Pure Distance


0_WaypointTraversalTime	0_GridTraversalTime	0_TotalTraversalTime	1_WaypointTraversalTime	1_GridTraversalTime	1_TotalTraversalTime	2_WaypointTraversalTime	2_GridTraversalTime	2_TotalTraversalTime	3_WaypointTraversalTime	3_GridTraversalTime	3_TotalTraversalTime	4_WaypointTraversalTime	4_GridTraversalTime	4_TotalTraversalTime	5_WaypointTraversalTime	5_GridTraversalTime	5_TotalTraversalTime	6_WaypointTraversalTime	6_GridTraversalTime	6_TotalTraversalTime	7_WaypointTraversalTime	7_GridTraversalTime	7_TotalTraversalTime	8_WaypointTraversalTime	8_GridTraversalTime	8_TotalTraversalTime	
10.2675	0.321694	10.5892	1.04514	0.160407	1.20555	0.0164219	0.133135	0.149557	0.163926	0.125217	0.289143	0.447791	0.23108	0.678871	0.115247	0.186506	0.301753	3.46737	0.158354	3.62573	0.210259	0.0894409	0.2997	0.192958	0.058943	0.251901	
10.6804	0.257179	10.9376	1.01904	0.182108	1.20115	0.0164219	0.131375	0.147797	0.354831	0.0932531	0.448084	0.483861	0.216124	0.699985	0.0445738	0.175949	0.220523	3.62397	0.158941	3.78291	0.220816	0.0900274	0.310844	0.187386	0.0563038	0.24369	
11.8968	0.291196	12.188	0.996753	0.158648	1.1554	0.0170084	0.140466	0.157475	0.165979	0.107329	0.273308	0.438994	0.219937	0.65893	0.0472131	0.169205	0.216418	3.52632	0.154249	3.68057	0.361576	0.119939	0.481515	0.334304	0.076538	0.410842	
11.5188	0.33401	11.8528	1.2727	0.18416	1.45686	0.0196477	0.13724	0.156888	0.207327	0.0982384	0.305565	0.419053	0.219643	0.638696	0.0460401	0.214072	0.260112	3.4489	0.142812	3.59171	0.192371	0.0868017	0.279173	0.187093	0.0583565	0.245449	
10.1951	0.257179	10.4523	1.01083	0.196183	1.20701	0.0167152	0.155129	0.171844	0.175363	0.11642	0.291783	0.465386	0.20762	0.673006	0.0445738	0.173017	0.217591	3.38233	0.147504	3.52984	0.219057	0.0947194	0.313776	0.209966	0.062462	0.272428	
9.98248	0.26715	10.2496	0.964789	0.16158	1.12637	0.0167152	0.141639	0.158354	0.163926	0.0950126	0.258939	0.403217	0.20762	0.610837	0.0439873	0.168032	0.212019	3.53189	0.16246	3.69435	0.202928	0.0853354	0.288264	0.186506	0.0563038	0.24281	
10.0757	0.269202	10.3449	0.985609	0.156595	1.1422	0.0155422	0.168032	0.183574	0.175363	0.0935464	0.268909	0.417	0.217004	0.634004	0.0598228	0.180641	0.240464	3.45711	0.147797	3.60491	0.214072	0.0800569	0.294129	0.195304	0.0568903	0.252194	
10.1071	0.435475	10.5426	1.04309	0.147211	1.1903	0.0152489	0.139586	0.154835	0.174776	0.107916	0.282692	0.456588	0.207327	0.663915	0.0419346	0.188852	0.230787	3.55476	0.166859	3.72162	0.191785	0.0935464	0.285331	0.184747	0.0700865	0.254833	
10.0719	0.256006	10.3279	0.997339	0.172137	1.16948	0.0158354	0.0912004	0.107036	0.161873	0.0885612	0.250435	0.409669	0.225802	0.63547	0.0445738	0.119059	0.163633	3.53453	0.135481	3.67001	0.190612	0.122871	0.313483	0.181814	0.0832827	0.265097	
10.2599	0.236065	10.496	1.01054	0.159821	1.17036	0.0205274	0.236065	0.256593	0.170378	0.153956	0.324333	0.480048	0.229907	0.709955	0.0416413	0.115247	0.156888	8.25437	0.373599	8.62797	0.49823	0.198823	0.697053	0.470958	0.129323	0.60028	
12.5255	0.255127	12.7807	2.30845	0.365388	2.67384	0.0299114	0.147797	0.177709	0.171844	0.130202	0.302046	0.450723	0.226681	0.677405	0.0583565	0.118473	0.176829	3.4316	0.161287	3.59288	0.191785	0.141639	0.333424	0.173603	0.0958924	0.269496	
19.7063	0.595588	20.3019	2.31403	0.36011	2.67414	0.0466266	0.252781	0.299407	0.188852	0.10469	0.293542	0.491485	0.216418	0.707903	0.0413481	0.166859	0.208207	3.61781	0.140759	3.75857	0.199116	0.0879747	0.287091	0.188852	0.0662742	0.255127	
11.2707	0.28885	11.5596	1.07534	0.181228	1.25657	0.0173017	0.13988	0.157181	0.199996	0.101171	0.301167	0.412015	0.194424	0.606439	0.0422278	0.295888	0.338116	3.42837	0.140173	3.56855	0.397059	0.210259	0.607318	0.472424	0.129029	0.601453	
10.8458	0.306152	11.152	0.99646	0.145451	1.14191	0.0152489	0.133135	0.148384	0.178882	0.112314	0.291196	0.454242	0.206447	0.66069	0.0407616	0.188266	0.229027	3.45564	0.142812	3.59846	0.212605	0.0844557	0.297061	0.201169	0.0524915	0.25366	
10.1039	0.243397	10.3473	0.965375	0.143399	1.10877	0.0143692	0.166859	0.181228	0.171844	0.0914936	0.263337	0.41612	0.278293	0.694413	0.0448671	0.167738	0.212605	3.31899	0.138413	3.4574	0.205567	0.0824029	0.28797	0.19589	0.0527848	0.248675	
9.88073	0.39354	10.2743	1.00174	0.150437	1.15217	0.0146624	0.129909	0.144572	0.173897	0.140173	0.31407	0.433422	0.215245	0.648666	0.0416413	0.170671	0.212312	3.46444	0.166272	3.63071	0.192664	0.101171	0.293835	0.274481	0.064808	0.339289	
9.71797	0.270082	9.98806	0.998806	0.144572	1.14338	0.0143692	0.0888544	0.103224	0.161287	0.148677	0.309964	0.427264	0.217297	0.644561	0.0416413	0.11642	0.158061	3.66063	0.264217	3.92484	0.20674	0.120525	0.327266	0.188852	0.0736055	0.262458	
12.9381	0.331371	13.2695	1.90905	0.166859	2.07591	0.0255127	0.235772	0.261285	0.353658	0.274774	0.628432	0.872709	0.423745	1.29645	0.0914936	0.191492	0.282985	3.46913	0.145745	3.61488	0.202635	0.0873882	0.290023	0.181228	0.056597	0.237825	
14.3185	0.251608	14.5701	1.16537	0.155129	1.3205	0.0152489	0.156595	0.171844	0.170671	0.0988249	0.269496	0.41788	0.209086	0.626966	0.0428143	0.160114	0.202928	3.414	0.140466	3.55447	0.214365	0.0809367	0.295302	0.186213	0.0533713	0.239584	
9.99832	0.239291	10.2376	1.00027	0.143692	1.14396	0.0146624	0.145745	0.160407	0.183281	0.103224	0.286504	0.446325	0.204688	0.651012	0.0407616	0.215538	0.256299	3.5096	0.162753	3.67236	0.220816	0.122578	0.343394	0.182694	0.0797637	0.262458	
10.0804	0.236359	10.3168	1.0557	0.149264	1.20496	0.0158354	0.0914936	0.107329	0.160407	0.132548	0.292956	0.426384	0.212899	0.639283	0.0434008	0.119352	0.162753	3.41254	0.149264	3.5618	0.223456	0.0868017	0.310257	0.183867	0.0935464	0.277413	
10.076	0.273308	10.3493	1.00027	0.146331	1.1466	0.0149557	0.0953059	0.110262	0.16246	0.0929599	0.25542	0.424918	0.218764	0.643681	0.0445738	0.122285	0.166859	4.19111	0.152489	4.3436	0.194424	0.128443	0.322867	0.182987	0.0806434	0.263631	
24.1792	0.591776	24.771	2.29291	0.342515	2.63543	0.0175949	0.0967721	0.114367	0.441046	0.212605	0.653652	1.01171	0.467145	1.47885	0.134308	0.31231	0.446618	8.26815	0.35747	8.62562	0.622274	0.194131	0.816405	0.460107	0.123458	0.583565	
12.3411	0.40351	12.7446	1.71844	0.193251	1.91169	0.0299114	0.194717	0.224629	0.320228	0.107329	0.427557	0.424038	0.222576	0.646614	0.0917869	0.246036	0.337823	3.56796	0.170378	3.73834	0.202635	0.0891477	0.291783	0.193544	0.055424	0.248968	
10.5443	0.274188	10.8185	0.979451	0.158354	1.13781	0.0155422	0.124044	0.139586	0.169791	0.0967721	0.266563	0.428437	0.215538	0.643974	0.0463333	0.213192	0.259525	3.43717	0.141346	3.57852	0.211432	0.0909071	0.30234	0.199996	0.0642215	0.264217	
10.2077	0.237825	10.4455	1.00936	0.145451	1.15481	0.0161287	0.0914936	0.107622	0.162753	0.131669	0.294422	0.510546	0.412015	0.922561	0.108795	0.263924	0.372719	7.29691	0.296181	7.59309	0.445152	0.165979	0.611131	0.19765	0.0551308	0.252781	
12.3874	0.246036	12.6335	1.01317	0.147211	1.16039	0.0146624	0.134601	0.149264	0.152783	0.0991181	0.251901	0.380344	0.267736	0.64808	0.0425211	0.115247	0.157768	3.64156	0.13988	3.78144	0.180935	0.126684	0.307618	0.205274	0.0486793	0.253954	
9.94231	0.253954	10.1963	1.01845	0.143399	1.16185	0.0149557	0.0859219	0.100878	0.182401	0.0885612	0.270962	0.397059	0.251901	0.64896	0.0818164	0.122871	0.204688	3.48937	0.136654	3.62602	0.200875	0.175949	0.376825	0.211139	0.0627553	0.273894	
10.5106	0.581806	11.0924	2.87677	0.231667	3.10844	0.0164219	0.107622	0.124044	0.153956	0.13988	0.293835	0.435181	0.211432	0.646614	0.0428143	0.112608	0.155422	3.4187	0.136947	3.55564	0.181814	0.133428	0.315243	0.171844	0.0873882	0.259232	
9.99744	0.295008	10.2924	1.23927	0.641042	1.88031	0.0313776	0.151316	0.182694	0.200289	0.0999979	0.300287	0.47389	0.314949	0.788839	0.0950126	0.171844	0.266856	3.60403	0.160114	3.76414	0.204688	0.0994114	0.304099	0.19677	0.0595295	0.256299	
10.8347	0.290023	11.1247	1.02315	0.165979	1.18912	0.0181814	0.227854	0.246036	0.169498	0.121112	0.29061	0.400578	0.269202	0.66978	0.0472131	0.136067	0.183281	3.5662	0.160407	3.72661	0.212899	0.0882679	0.301167	0.189732	0.0574768	0.247209	
10.5197	0.281226	10.8009	1.60173	0.183867	1.78559	0.0155422	0.154542	0.170084	0.166272	0.11466	0.280932	0.44046	0.216711	0.657171	0.0434008	0.216124	0.259525	4.6826	0.163046	4.84564	0.215831	0.0909071	0.306738	0.200875	0.0618755	0.262751	
10.0344	0.245743	10.2801	0.993234	0.142519	1.13575	0.0149557	0.143105	0.158061	0.189146	0.133135	0.32228	0.446032	0.216418	0.662449	0.0595295	0.176829	0.236359	3.5791	0.157475	3.73658	0.251608	0.0838692	0.335477	0.195304	0.0709662	0.26627	
12.0537	0.462747	12.5164	1.0988	0.282105	1.38091	0.0187679	0.160994	0.179762	0.296475	0.155129	0.451603	0.465386	0.249848	0.715234	0.0853354	0.168032	0.253367	3.59171	0.167738	3.75945	0.20938	0.128736	0.338116	0.322574	0.286797	0.609371	
10.254	0.27624	10.5303	1.01464	0.158354	1.173	0.0146624	0.144572	0.159234	0.187386	0.10557	0.292956	0.429903	0.214072	0.643974	0.0416413	0.185333	0.226975	3.43043	0.148677	3.5791	0.194131	0.0970654	0.291196	0.188559	0.0689135	0.257472	
9.87691	0.260991	10.1379	0.992941	0.143399	1.13634	0.0155422	0.0932531	0.108795	0.178589	0.136654	0.315243	0.417	0.218177	0.635177	0.0460401	0.194717	0.240757	5.24153	0.207327	5.44886	0.385329	0.178002	0.563331	0.443686	0.152489	0.596175	
13.8988	0.275067	14.1739	1.28678	0.202635	1.48941	0.0891477	0.252194	0.341342	0.261285	0.109382	0.370667	0.714354	0.476823	1.19118	0.0498523	0.156595	0.206447	3.49201	0.14897	3.64098	0.584445	0.55688	1.14132	0.575354	0.108795	0.68415	
10.988	0.276534	11.2646	1.23194	0.171257	1.4032	0.0164219	0.151023	0.167445	0.176536	0.167445	0.343981	0.434302	0.214365	0.648666	0.17243	0.207034	0.379464	3.53599	0.147211	3.68321	0.229321	0.0967721	0.326093	0.18504	0.0756582	0.260698	
10.9094	0.283865	11.1933	1.02344	0.165392	1.18883	0.0170084	0.141346	0.158354	0.17419	0.102344	0.276534	0.428143	0.214365	0.642508	0.0466266	0.176536	0.223162	3.49729	0.142812	3.6401	0.23196	0.109089	0.341048	0.182108	0.0824029	0.26451	
10.0584	0.24369	10.3021	0.989715	0.144278	1.13399	0.0161287	0.0961856	0.112314	0.171844	0.102344	0.274188	0.437527	0.326093	0.76362	0.0472131	0.121405	0.168618	3.36151	0.140759	3.50227	0.205274	0.0999979	0.305272	0.212899	0.0630485	0.275947	
9.90595	0.259525	10.1655	1.02901	0.140759	1.16977	0.0214072	0.133721	0.155129	0.164806	0.280053	0.444859	0.445738	0.213485	0.659223	0.0489726	0.17243	0.221403	3.49817	0.137534	3.6357	0.19501	0.104983	0.299994	0.182108	0.0680337	0.250141	
10.1781	0.251608	10.4297	0.994114	0.149264	1.14338	0.0158354	0.180641	0.196477	0.42873	0.209673	0.638403	0.956871	0.480928	1.4378	0.108502	0.398525	0.507027	8.23413	0.339875	8.57401	0.465386	0.197063	0.662449	0.471544	0.122871	0.594415	
10.0297	0.291783	10.3215	1.012	0.156302	1.1683	0.0173017	0.0967721	0.114074	0.192958	0.180055	0.373013	0.418466	0.224042	0.642508	0.061289	0.124044	0.185333	3.48556	0.145745	3.6313	0.263044	0.274481	0.537525	0.185627	0.0782974	0.263924	
10.3968	0.271548	10.6684	1.01112	0.153956	1.16508	0.0208207	0.198823	0.219643	0.174776	0.100584	0.275361	0.562158	0.329025	0.891183	0.060116	0.286211	0.346327	3.71722	0.165392	3.88261	0.198236	0.103224	0.30146	0.234599	0.0645147	0.299114	
10.4303	0.276827	10.7071	1.00555	0.162753	1.1683	0.0155422	0.154249	0.169791	0.167152	0.0932531	0.260405	0.430489	0.219643	0.650133	0.0448671	0.171551	0.216418	3.6879	0.156595	3.84449	0.226975	0.0847489	0.311724	0.200289	0.0545443	0.254833	
10.1013	0.262751	10.364	1.03136	0.148091	1.17945	0.0149557	0.10557	0.120525	0.152489	0.155422	0.307911	0.429316	0.217591	0.646907	0.0434008	0.115833	0.159234	3.43482	0.17243	3.60725	0.21847	0.0917869	0.310257	0.172137	0.0894409	0.261578	
11.5003	0.257766	11.7581	1.00115	0.149557	1.15071	0.0193544	0.134308	0.153662	0.16334	0.115247	0.278586	0.435768	0.248968	0.684736	0.0451603	0.123165	0.168325	3.57793	0.156302	3.73423	0.216124	0.0897341	0.305859	0.188559	0.055424	0.243983	
10.3414	0.269202	10.6106	0.991181	0.158941	1.15012	0.0161287	0.150437	0.166565	0.169205	0.0982384	0.267443	0.419932	0.21935	0.639283	0.0454536	0.204101	0.249555	3.37617	0.174776	3.55095	0.19589	0.0947194	0.29061	0.193544	0.0645147	0.258059	
9.89451	0.257766	10.1523	0.996166	0.143985	1.14015	0.0269789	0.131669	0.158648	0.177709	0.112901	0.29061	0.433129	0.236945	0.670074	0.0463333	0.121992	0.168325	3.41606	0.13988	3.55594	0.199409	0.124338	0.323747	0.187973	0.0847489	0.272721	
10.0883	0.245449	10.3338	1.00643	0.145451	1.15188	0.0158354	0.0935464	0.109382	0.163926	0.132255	0.296181	0.42697	0.219643	0.646614	0.0477996	0.121992	0.169791	3.5096	0.140759	3.65036	0.180348	0.117886	0.298234	0.17419	0.0882679	0.262458	
9.86841	0.238411	10.1068	1.04103	0.143399	1.18443	0.0164219	0.107329	0.123751	0.166565	0.119939	0.286504	0.662742	0.226681	0.889424	0.100878	0.496177	0.597055	3.55975	0.350726	3.91047	0.541924	0.190025	0.731949	0.465972	0.126977	0.592949	
18.7043	0.366561	19.0709	1.39147	0.216418	1.60788	0.0214072	0.153956	0.175363	0.321987	0.236652	0.558639	0.44046	0.212019	0.652479	0.0495591	0.325213	0.374772	8.84849	0.366268	9.21476	0.499403	0.460401	0.959803	0.472131	0.131082	0.603213	
11.2763	0.271255	11.5476	1.02666	0.144572	1.17124	0.0149557	0.134308	0.149264	0.249262	0.129909	0.379171	0.612597	0.325799	0.938396	0.0463333	0.131375	0.177709	3.37999	0.141053	3.52104	0.224335	0.0994114	0.323747	0.366854	0.0709662	0.437821	
9.87867	0.241344	10.12	0.989422	0.143105	1.13253	0.0149557	0.0868017	0.101757	0.153662	0.0844557	0.238118	0.412308	0.238998	0.651306	0.0434008	0.115247	0.158648	3.41371	0.137827	3.55154	0.180935	0.124924	0.305859	0.173017	0.0489726	0.221989	
10.1194	0.261285	10.3807	1.00995	0.141053	1.151	0.0307911	0.144278	0.17507	0.151903	0.0832827	0.235186	0.424918	0.188852	0.61377	0.0428143	0.119939	0.162753	3.46796	0.176243	3.6442	0.192958	0.12815	0.321107	0.180348	0.0495591	0.229907	
9.7127	0.653065	10.3658	2.84217	0.435181	3.27735	0.0448671	0.271548	0.316416	0.42697	0.223749	0.650719	1.0293	0.555707	1.58501	0.0466266	0.134601	0.181228	3.50872	0.142226	3.65095	0.197356	0.11642	0.313776	0.173897	0.0697932	0.24369	
10.1555	0.277707	10.4332	0.98297	0.143105	1.12608	0.0140759	0.117006	0.131082	0.159527	0.244863	0.40439	0.455709	0.217004	0.672713	0.0997046	0.239291	0.338996	3.7008	0.145158	3.84596	0.198823	0.100291	0.299114	0.4387	0.0557173	0.494418	
13.5079	0.366854	13.8748	1.45569	0.217004	1.67269	0.0299114	0.235772	0.265683	0.216418	0.108795	0.325213	0.452776	0.222869	0.675645	0.0457468	0.164513	0.210259	3.38937	0.160114	3.54948	0.218764	0.101757	0.320521	0.17419	0.0507321	0.224922	
15.7287	0.471837	16.2005	1.81286	0.292956	2.10582	0.0439873	0.236065	0.280053	0.42697	0.2302	0.657171	0.64808	0.221403	0.869483	0.0712595	0.278293	0.349553	3.553	0.205567	3.75857	0.212899	0.108502	0.321401	0.183867	0.0774177	0.261285	
10.2842	0.267736	10.552	1.12138	0.170671	1.29205	0.0178882	0.214658	0.232546	0.428143	0.235479	0.663622	0.59031	0.291783	0.882093	0.0955991	0.182987	0.278586	5.00634	0.215245	5.22159	0.297941	0.120819	0.418759	0.277707	0.0747785	0.352485	
10.4235	0.256593	10.6801	1.01083	0.158061	1.16889	0.0164219	0.154249	0.170671	0.179762	0.0982384	0.278	0.440753	0.218177	0.65893	0.0483861	0.153076	0.201462	3.57236	0.152196	3.72455	0.207034	0.0903206	0.297354	0.194717	0.0557173	0.250435	
10.527	0.281812	10.8089	0.986489	0.162753	1.14924	0.0164219	0.120525	0.136947	0.179762	0.0997046	0.279466	0.417293	0.209086	0.62638	0.0457468	0.177416	0.223162	3.58878	0.152783	3.74156	0.209086	0.0832827	0.292369	0.184747	0.0568903	0.241637	
10.3895	0.24193	10.6314	0.980917	0.146038	1.12696	0.0149557	0.131082	0.146038	0.169205	0.116713	0.285918	0.426677	0.234892	0.661569	0.0524915	0.145158	0.19765	3.48116	0.148091	3.62925	0.214658	0.0912004	0.305859	0.229027	0.063635	0.292662	
10.6068	0.309671	10.9165	1.02549	0.212605	1.2381	0.0425211	0.572715	0.615236	0.261285	0.257179	0.518464	0.694413	0.217884	0.912297	0.0621688	0.176536	0.238705	4.0659	0.168325	4.23422	0.222869	0.0935464	0.316416	0.206447	0.0586498	0.265097	
10.4898	0.28797	10.7778	0.989715	0.165686	1.1554	0.0217004	0.134308	0.156008	0.188852	0.0997046	0.288557	0.423451	0.211432	0.634884	0.062462	0.170378	0.23284	3.57324	0.151316	3.72455	0.209673	0.0844557	0.294129	0.190319	0.0580633	0.248382	
10.5529	0.26715	10.82	1.01083	0.157768	1.1686	0.0161287	0.121698	0.137827	0.166272	0.0985316	0.264804	0.424038	0.209673	0.633711	0.0466266	0.173897	0.220523	3.56444	0.150437	3.71488	0.197063	0.0985316	0.295595	0.182108	0.0756582	0.257766	
10.181	0.251021	10.432	0.994114	0.145451	1.13957	0.0152489	0.0929599	0.108209	0.165686	0.132548	0.298234	0.459521	0.211726	0.671247	0.0733122	0.166565	0.239878	3.58057	0.141932	3.7225	0.192078	0.134894	0.326972	0.183281	0.15073	0.33401	
10.0159	0.26539	10.2813	1.09558	0.144865	1.24044	0.0173017	0.0961856	0.113487	0.163046	0.225215	0.388261	0.986196	0.424331	1.41053	0.0472131	0.129323	0.176536	3.54743	0.568903	4.11633	0.47301	0.190612	0.663622	0.197356	0.0551308	0.252487	
10.4716	0.251314	10.7229	1.22725	0.171257	1.3985	0.0152489	0.0894409	0.10469	0.156302	0.160114	0.316416	0.431956	0.217591	0.649546	0.0428143	0.1173	0.160114	3.57588	0.153956	3.72983	0.20938	0.0850422	0.294422	0.412894	0.121992	0.534886	
18.589	0.597348	19.1864	2.28206	0.360989	2.64305	0.0184747	0.106449	0.124924	0.178002	0.0970654	0.275067	0.457468	0.21935	0.676818	0.0844557	0.251901	0.336356	8.29308	0.388848	8.68193	0.462453	0.188852	0.651306	0.250141	0.0653945	0.315536	
11.4584	0.296475	11.7549	1.02168	0.171844	1.19352	0.0187679	0.146038	0.164806	0.202048	0.108209	0.310257	0.627259	0.233133	0.860392	0.0472131	0.153076	0.200289	3.75622	0.168325	3.92455	0.227268	0.0891477	0.316416	0.197943	0.230494	0.428437	
10.6059	0.582979	11.1889	1.02051	0.148384	1.16889	0.0146624	0.145158	0.159821	0.156008	0.150437	0.306445	0.43958	0.218764	0.658344	0.0436941	0.162753	0.206447	3.52485	0.142226	3.66708	0.219057	0.0976519	0.316709	0.198823	0.0697932	0.268616	
10.0643	0.299407	10.3637	1.03693	0.151903	1.18883	0.0152489	0.0868017	0.102051	0.168325	0.0838692	0.252194	0.546029	0.223456	0.769485	0.0472131	0.302046	0.349259	3.39348	0.287091	3.68057	0.219057	0.0826962	0.301753	0.203221	0.0574768	0.260698	
10.0951	0.270082	10.3652	1.05746	0.153956	1.21141	0.0167152	0.136067	0.152783	0.185333	0.112608	0.297941	0.449844	0.234892	0.684736	0.0469198	0.130789	0.177709	4.71779	0.342808	5.0606	0.477116	0.189732	0.666848	0.44134	0.134894	0.576234	
17.2999	0.288264	17.5882	1.02989	0.167738	1.19763	0.0167152	0.0950126	0.111728	0.17331	0.0953059	0.268616	0.41788	0.255127	0.673006	0.0469198	0.12727	0.17419	3.48614	0.159527	3.64567	0.195597	0.127857	0.323453	0.18416	0.101757	0.285918	
9.88278	0.245449	10.1282	0.994407	0.336943	1.33135	0.0158354	0.147797	0.163633	0.17419	0.108795	0.282985	0.462747	0.217004	0.679751	0.0425211	0.182694	0.225215	3.41312	0.145158	3.55828	0.216418	0.0794704	0.295888	0.223162	0.0607025	0.283865	
10.8848	0.257766	11.1426	0.999979	0.15073	1.15071	0.0146624	0.180055	0.194717	0.338116	0.157768	0.495884	0.732536	0.296475	1.02901	0.0821097	0.276827	0.358937	3.65153	0.162167	3.8137	0.217884	0.0979451	0.315829	0.1868	0.0574768	0.244276	
13.551	0.29061	13.8416	0.991181	0.1607	1.15188	0.0164219	0.152783	0.169205	0.166272	0.108502	0.274774	0.436061	0.219057	0.655118	0.0524915	0.167738	0.22023	3.59523	0.155422	3.75065	0.258939	0.0868017	0.34574	0.190905	0.0583565	0.249262	
10.5118	0.291489	10.8033	0.98473	0.163926	1.14866	0.0190612	0.148384	0.167445	0.18416	0.105863	0.290023	0.453069	0.221696	0.674766	0.0510253	0.147797	0.198823	3.52133	0.219937	3.74127	0.199702	0.10381	0.303513	0.182694	0.0665675	0.249262	
10.5919	0.288557	10.8804	0.993234	0.210553	1.20379	0.0184747	0.149264	0.167738	0.182108	0.10293	0.285038	0.441633	0.226681	0.668314	0.0527848	0.181814	0.234599	3.58057	0.156302	3.73687	0.198529	0.0891477	0.287677	0.18504	0.0598228	0.244863	
10.3672	0.286797	10.654	1.04133	0.165392	1.20672	0.0158354	0.143692	0.159527	0.194131	0.284158	0.478289	0.417293	0.237532	0.654825	0.0486793	0.179468	0.228148	3.55828	0.158354	3.71664	0.207913	0.0935464	0.30146	0.188559	0.055424	0.243983	
10.3728	0.278293	10.6511	1.01669	0.166859	1.18355	0.0170084	0.144865	0.161873	0.17243	0.102637	0.275067	0.431662	0.222576	0.654238	0.0574768	0.170671	0.228148	3.5269	0.151903	3.67881	0.196477	0.0862152	0.282692	0.194131	0.0583565	0.252487	
10.5203	0.26539	10.7857	1.01581	0.158061	1.17388	0.0161287	0.134894	0.151023	0.164513	0.0967721	0.261285	0.410842	0.216124	0.626966	0.0448671	0.175949	0.220816	6.06908	0.345447	6.41453	0.464799	0.196183	0.660983	0.449257	0.119939	0.569196	
24.2405	0.957164	25.1977	4.14478	0.428437	4.57322	0.0401751	0.261285	0.30146	0.428437	0.230787	0.659223	1.01875	0.470958	1.4897	0.104983	0.420519	0.525502	4.37733	0.201169	4.57849	0.264217	0.111141	0.375359	0.265097	0.0747785	0.339875	
13.2839	0.318175	13.6021	1.19323	0.185627	1.37886	0.0193544	0.173017	0.192371	0.196477	0.132842	0.329318	0.476823	0.218177	0.695	0.0454536	0.190025	0.235479	3.48292	0.150437	3.63335	0.614943	0.133135	0.748078	0.22111	0.0642215	0.285331	
9.89334	0.245743	10.1391	0.998806	0.145745	1.14455	0.0158354	0.119352	0.135188	0.164806	0.124924	0.28973	0.446325	0.212312	0.658637	0.0448671	0.165686	0.210553	3.88789	0.426677	4.31457	0.582685	0.23108	0.813766	0.548669	0.15161	0.700278	
9.96284	0.245156	10.208	2.602	0.443392	3.04539	0.0164219	0.152196	0.168618	0.166565	0.0973586	0.263924	0.519344	0.219643	0.738987	0.0431076	0.177709	0.220816	3.35975	0.140173	3.49993	0.236359	0.0888544	0.325213	0.199409	0.073019	0.272428	
9.9212	0.268909	10.1901	1.16508	0.144572	1.30965	0.0143692	0.111141	0.125511	0.171844	0.125217	0.297061	0.474183	0.207327	0.68151	0.0536645	0.13724	0.190905	3.41518	0.139	3.55418	0.180348	0.0756582	0.256006	0.172724	0.0489726	0.221696	
9.98571	0.266856	10.2526	1.01493	0.144572	1.15951	0.0146624	0.109675	0.124338	0.170964	0.113487	0.284451	0.444565	0.20674	0.651306	0.0407616	0.299994	0.340755	3.62573	0.153956	3.77968	0.349846	0.188852	0.538698	0.453949	0.121992	0.575941	
9.93087	0.284745	10.2156	1.01523	0.151023	1.16625	0.0149557	0.0903206	0.105276	0.154542	0.0882679	0.24281	0.443099	0.21935	0.662449	0.0434008	0.11642	0.159821	4.19668	0.162167	4.35885	0.223456	0.124044	0.3475	0.244863	0.10557	0.350432	
13.5757	0.340462	13.9161	1.74454	0.219937	1.96447	0.0161287	0.131962	0.148091	0.172137	0.116713	0.28885	0.462747	0.214365	0.677112	0.0419346	0.183281	0.225215	3.32749	0.141053	3.46855	0.220816	0.0958924	0.316709	0.191785	0.0680337	0.259818	
10.0467	0.245449	10.2922	1.01112	0.213485	1.22461	0.0178882	0.152196	0.170084	0.175363	0.0973586	0.272721	0.414654	0.219057	0.633711	0.0472131	0.126684	0.173897	3.56503	0.151316	3.71634	0.285624	0.0932531	0.378878	0.19677	0.0574768	0.254247	
10.4575	0.266563	10.7241	0.978571	0.156008	1.13458	0.0161287	0.134894	0.151023	0.164806	0.0970654	0.261871	0.410255	0.217004	0.627259	0.0439873	0.414947	0.458934	3.71928	0.140466	3.85974	0.205567	0.0923734	0.297941	0.228148	0.13812	0.366268	
24.6514	0.300287	24.9517	1.06596	0.168618	1.23458	0.0164219	0.162753	0.179175	0.198529	0.10381	0.30234	0.68151	0.217297	0.898808	0.0574768	0.160407	0.217884	3.56561	0.152489	3.7181	0.200875	0.0859219	0.286797	0.188266	0.241051	0.429316	
10.1875	0.239584	10.427	1.00408	0.142519	1.1466	0.0143692	0.115833	0.130202	0.173897	0.109968	0.283865	0.465972	0.20762	0.673593	0.0413481	0.212312	0.25366	3.5401	0.137534	3.67763	0.207327	0.0938396	0.301167	0.199409	0.0539578	0.253367	
10.7669	0.275654	11.0426	1.03312	0.163046	1.19616	0.0170084	0.0979451	0.114954	0.173017	0.202342	0.375359	0.504975	0.263044	0.768019	0.0771244	0.201755	0.27888	3.82015	0.163046	3.9832	0.216124	0.0935464	0.309671	0.357764	0.0794704	0.437234	
10.7945	0.447498	11.242	1.06508	0.167738	1.23282	0.0307911	0.164219	0.19501	0.185627	0.10469	0.290316	0.442513	0.248089	0.690601	0.0504388	0.208793	0.259232	3.49582	0.144865	3.64068	0.220523	0.0935464	0.31407	0.19501	0.0592363	0.254247	
10.1669	0.253074	10.42	1.04221	0.156302	1.19851	0.0155422	0.141346	0.156888	0.173897	0.0988249	0.272721	0.430489	0.215538	0.646027	0.0477996	0.171551	0.21935	3.42368	0.158061	3.58174	0.201169	0.100584	0.301753	0.184747	0.326093	0.51084	
10.5989	0.280932	10.8798	1.00467	0.165099	1.16977	0.0173017	0.141346	0.158648	0.20938	0.103224	0.312603	0.451017	0.24281	0.693827	0.0469198	0.176829	0.223749	3.45154	0.316416	3.76795	0.227854	0.100878	0.328732	0.193251	0.0721392	0.26539	
9.84026	0.295008	10.1353	1.05394	0.321401	1.37534	0.0237532	0.158354	0.182108	0.172724	0.101757	0.274481	0.615236	0.216418	0.831654	0.0486793	0.170964	0.219643	3.8225	0.250435	4.07293	0.219057	0.0961856	0.315243	0.193251	0.073019	0.26627	
9.97867	0.246622	10.2253	0.988835	0.145451	1.13429	0.0146624	0.138707	0.153369	0.16158	0.112901	0.274481	0.446618	0.251021	0.697639	0.0454536	0.17243	0.217884	3.56239	0.145158	3.70755	0.191785	0.0964789	0.288264	0.219937	0.0630485	0.282985	
