Using Best Grid Path: true
Using Waypoints: true
Using Best Waypoint Path: true
Heuristic: Manhattan Distance


0_WaypointTraversalTime	0_GridTraversalTime	0_TotalTraversalTime	1_WaypointTraversalTime	1_GridTraversalTime	1_TotalTraversalTime	2_WaypointTraversalTime	2_GridTraversalTime	2_TotalTraversalTime	3_WaypointTraversalTime	3_GridTraversalTime	3_TotalTraversalTime	4_WaypointTraversalTime	4_GridTraversalTime	4_TotalTraversalTime	5_WaypointTraversalTime	5_GridTraversalTime	5_TotalTraversalTime	6_WaypointTraversalTime	6_GridTraversalTime	6_TotalTraversalTime	7_WaypointTraversalTime	7_GridTraversalTime	7_TotalTraversalTime	8_WaypointTraversalTime	8_GridTraversalTime	8_TotalTraversalTime	
2.55097	0.343688	2.89466	41.4754	0.605266	42.0806	0.111141	0.800569	0.911711	20.6623	0.471544	21.1339	24.4684	0.599987	25.0684	47.0081	0.883559	47.8916	35.6552	0.688548	36.3438	4.09962	0.337529	4.43715	5.94797	0.346034	6.294	
2.88176	0.478289	3.36005	37.7743	0.602626	38.3769	0.0419346	0.198236	0.240171	19.0462	0.431956	19.4782	30.6316	1.82958	32.4612	54.8117	0.839278	55.651	35.1148	0.694413	35.8092	4.48553	0.305565	4.7911	5.68668	0.721099	6.40778	
2.73748	0.361283	3.09876	37.2848	0.584738	37.8696	0.0404683	0.17507	0.215538	19.4858	0.472424	19.9582	23.4837	0.54251	24.0262	49.6488	0.837812	50.4866	39.5411	0.678285	40.2194	4.04332	0.42697	4.47029	8.06258	1.03194	9.09453	
7.75409	1.59029	9.34437	53.6857	0.597055	54.2827	0.0436941	0.240757	0.284451	19.7289	0.464506	20.1934	26.3502	0.556293	26.9065	50.4731	0.860979	51.3341	36.535	0.758342	37.2933	4.08466	0.328145	4.41281	9.63968	0.558053	10.1977	
2.55625	0.318762	2.87501	56.4835	0.604093	57.0876	0.0416413	0.506441	0.548082	32.0618	0.561278	32.6231	24.6376	0.643681	25.2813	49.5221	0.96039	50.4825	36.1312	0.68415	36.8153	4.60899	0.357764	4.96676	5.98433	0.383276	6.36761	
3.00785	0.375359	3.38321	39.5804	0.656877	40.2373	0.0521983	0.263924	0.316122	21.5667	0.507614	22.0743	25.9912	0.780042	26.7713	48.1925	0.884732	49.0772	35.7318	0.694707	36.4265	4.34741	0.370373	4.71779	5.99313	0.601453	6.59458	
2.66065	0.315829	2.97648	37.4734	0.561865	38.0353	0.0604093	0.247502	0.307911	19.2204	0.456002	19.6764	29.9721	0.651599	30.6237	48.9119	0.85482	49.7667	59.5061	0.673593	60.1797	12.2153	1.07094	13.2862	7.70981	0.501749	8.21155	
3.40315	0.443686	3.84684	40.12	0.719926	40.8399	0.0448671	0.202048	0.246916	42.6589	1.26068	43.9196	44.4011	0.674179	45.0753	58.8958	1.20232	60.0981	63.9423	0.892356	64.8347	4.47498	0.446618	4.9216	6.92918	0.435475	7.36465	
2.57003	0.348086	2.91812	39.1024	0.675352	39.7777	0.0480928	0.233719	0.281812	19.9843	0.47477	20.4591	23.54	0.563331	24.1033	55.3888	0.856873	56.2457	42.2962	0.754236	43.0504	6.05618	0.376238	6.43241	6.26643	0.334304	6.60074	
2.5586	0.755409	3.31401	43.1885	0.651012	43.8395	0.0419346	0.183867	0.225802	19.7295	0.690601	20.4201	27.461	0.559812	28.0208	55.9141	0.850422	56.7645	44.3049	0.736641	45.0416	4.41515	0.411428	4.82658	5.97143	0.38181	6.35324	
2.89554	0.690308	3.58585	39.1566	0.627553	39.7842	0.0495591	0.223456	0.273015	20.3415	0.503802	20.8453	23.4379	0.572422	24.0103	45.9923	0.886785	46.8791	37.3842	1.45774	38.842	4.81691	0.328732	5.14564	5.94298	0.467732	6.41071	
2.70493	0.559812	3.26474	38.893	0.583858	39.4769	0.0407616	0.252194	0.292956	21.8623	0.448964	22.3113	23.245	0.632831	23.8778	44.5498	0.839865	45.3896	54.2431	1.04602	55.2891	4.46941	0.321401	4.79081	5.68756	0.361576	6.04914	
2.68704	0.359523	3.04656	38.3792	0.57682	38.9561	0.0395886	0.236065	0.275654	19.3829	0.475356	19.8582	23.2887	1.45979	24.7484	44.7304	1.70935	46.4398	41.9821	0.829601	42.8117	5.26675	0.943088	6.20984	7.05205	0.455709	7.50776	
2.59789	0.353951	2.95184	39.3578	0.610837	39.9686	0.0448671	0.252487	0.297354	19.309	0.45219	19.7612	26.8628	0.628726	27.4915	44.4771	0.856287	45.3333	44.2618	1.50935	45.7712	13.5941	1.13869	14.7328	16.6741	1.0293	17.7034	
6.14034	0.567143	6.70748	57.3093	0.680631	57.99	0.170671	0.462747	0.633418	19.5884	0.447791	20.0362	23.4605	0.572129	24.0326	51.3845	1.87063	53.2552	56.958	0.695586	57.6536	5.73859	0.467439	6.20603	5.5644	0.330785	5.89518	
3.04304	0.710249	3.75329	37.935	0.599107	38.5341	0.0416413	0.183574	0.225215	19.5623	0.467145	20.0295	39.8587	0.642215	40.5009	54.7015	0.903206	55.6047	37.1262	0.726671	37.8529	4.18261	0.331078	4.51369	5.71131	0.354538	6.06585	
2.58147	0.339582	2.92105	37.5458	0.568903	38.1147	0.0395886	0.372719	0.412308	25.4775	0.445152	25.9226	23.2884	0.5777	23.8661	78.635	0.898808	79.5338	39.3757	0.700278	40.076	4.14243	0.315243	4.45768	5.90134	0.525502	6.42684	
2.60024	0.320521	2.92076	51.4452	1.24308	52.6883	0.0413481	0.245156	0.286504	23.0024	0.463333	23.4658	24.1015	1.36273	25.4643	47.799	0.86831	48.6673	48.6776	0.74104	49.4186	4.08877	0.318762	4.40753	5.68903	0.337823	6.02685	
2.52311	0.326972	2.85009	45.3694	0.613183	45.9826	0.0419346	0.257179	0.299114	20.0969	0.538698	20.6356	24.332	0.633711	24.9657	44.665	0.907312	45.5723	35.3937	0.716407	36.1101	4.21868	0.323453	4.54213	6.0943	0.33489	6.42919	
2.51871	0.321401	2.84012	37.5323	0.595295	38.1276	0.0398818	0.213192	0.253074	19.5219	0.580633	20.1025	29.8788	0.573888	30.4527	52.9179	1.05628	53.9742	35.4045	1.4422	36.8467	5.13743	0.318762	5.45619	8.63002	0.348673	8.97869	
2.55684	0.3692	2.92604	43.1539	0.583272	43.7372	0.0401751	0.183867	0.224042	19.9327	0.48474	20.4175	32.8069	1.69029	34.4972	52.1317	0.949247	53.081	39.1382	0.753063	39.8912	4.09698	0.315536	4.41252	5.90427	0.327266	6.23154	
2.5193	0.321694	2.84099	37.3309	0.582685	37.9136	0.0398818	0.236945	0.276827	24.0713	0.565384	24.6367	25.1352	0.584445	25.7197	59.0817	1.11053	60.1923	37.2901	0.682097	37.9722	4.23187	0.312897	4.54477	5.7034	0.327852	6.03125	
2.55801	0.34662	2.90463	37.4872	0.575354	38.0625	0.0425211	0.332251	0.374772	27.5689	0.490899	28.0598	33.7092	1.4463	35.1556	45.4949	2.61901	48.1139	37.9487	0.723738	38.6725	4.06032	0.310551	4.37087	5.78697	0.345447	6.13242	
2.60874	0.356591	2.96533	39.7947	2.18793	41.9827	0.0914936	0.332837	0.424331	31.6732	0.676232	32.3495	25.186	0.592069	25.778	44.846	0.905259	45.7512	34.972	0.713768	35.6857	4.20636	0.317882	4.52424	5.93594	0.355124	6.29107	
2.51871	0.338409	2.85712	42.775	0.934877	43.7099	0.0466266	0.27624	0.322867	21.1039	0.491485	21.5954	28.4352	1.71023	30.1454	55.2953	0.918749	56.214	44.9058	0.692947	45.5987	4.07557	0.314656	4.39023	5.74211	0.375359	6.11746	
2.55156	0.320814	2.87237	64.7552	0.628726	65.3839	0.0428143	0.192664	0.235479	19.426	0.445738	19.8717	26.1132	0.652185	26.7654	44.585	0.857753	45.4427	34.9485	1.17094	36.1195	4.08613	0.317589	4.40372	5.72422	0.337529	6.06175	
2.46769	0.824909	3.2926	41.0507	0.592363	41.6431	0.0812299	0.3475	0.42873	20.3175	0.493245	20.8107	23.3101	0.571542	23.8816	44.4662	1.2337	45.6999	35.5632	0.842211	36.4054	9.36637	0.33401	9.70038	5.65296	0.345154	5.99811	
2.57121	0.339875	2.91108	62.1567	0.59031	62.747	0.0436941	0.282692	0.326386	19.3192	0.86655	20.1858	23.3106	0.580926	23.8916	44.6861	0.859806	45.5459	35.0635	0.725498	35.789	4.12308	0.310551	4.43363	5.59519	0.346913	5.9421	
2.52781	0.343394	2.8712	63.4696	0.647493	64.1171	0.0463333	0.281812	0.328145	27.6003	0.63811	28.2384	28.4143	0.625207	29.0396	58.1556	0.902913	59.0586	44.2181	0.837812	45.0559	9.7297	0.350726	10.0804	5.59636	0.331078	5.92744	
2.53455	0.320228	2.85478	38.6127	0.57682	39.1895	0.0401751	0.202342	0.242517	19.4401	0.476529	19.9166	23.42	0.605852	24.0259	44.7219	0.842797	45.5647	65.5637	0.997633	66.5613	5.76908	0.446032	6.21512	7.64119	0.454242	8.09543	
3.87206	0.490019	4.36208	75.4078	0.692654	76.1004	0.0976519	0.819924	0.917576	27.8768	0.499989	28.3768	23.82	0.592656	24.4127	61.7089	0.920215	62.6292	35.7837	0.734295	36.518	4.05035	0.316709	4.36706	5.6817	0.331371	6.01307	
2.59877	0.341928	2.9407	37.5077	0.563624	38.0713	0.0401751	0.195597	0.235772	19.6145	0.443979	20.0585	23.6332	0.571249	24.2045	60.8576	0.922268	61.7799	35.5684	0.681217	36.2497	4.14273	0.310551	4.45328	5.73565	0.359816	6.09547	
2.8756	0.341048	3.21665	53.8868	0.573302	54.4601	0.0398818	0.183281	0.223162	19.1266	0.486207	19.6128	24.6092	0.646027	25.2552	60.065	0.96039	61.0254	38.527	0.815525	39.3426	4.2524	0.387088	4.63949	11.0954	0.663915	11.7593	
4.85444	0.960097	5.81454	42.1871	0.627259	42.8143	0.0454536	0.374772	0.420226	20.4433	0.484447	20.9277	32.6034	0.629312	33.2327	45.2292	1.07065	46.2999	35.3468	0.715527	36.0623	5.89811	0.446618	6.34473	5.88697	0.354245	6.24122	
2.81783	0.323453	3.14128	37.5447	0.844263	38.3889	0.139	0.59031	0.72931	26.2367	0.677991	26.9147	26.4088	0.760981	27.1698	45.0515	1.23927	46.2908	35.3048	0.723152	36.028	4.03628	0.315829	4.35211	5.86263	0.343394	6.20603	
2.52311	0.552774	3.07589	40.8513	0.563624	41.4149	0.0390021	0.180348	0.21935	19.3535	0.494418	19.848	27.1742	0.58943	27.7636	72.7055	0.92696	73.6324	37.2693	0.783854	38.0531	4.409	0.338996	4.74799	9.45112	0.329905	9.78102	
2.5064	0.370373	2.87677	37.9212	0.780335	38.7015	0.0454536	0.353658	0.399112	25.054	0.478289	25.5323	27.778	0.615529	28.3935	44.6187	0.902327	45.521	46.7723	0.712301	47.4846	4.13598	0.313776	4.44976	6.49312	0.412601	6.90572	
2.92956	0.385329	3.31489	43.887	0.576527	44.4636	0.0387088	0.253367	0.292076	20.0966	0.502922	20.5996	47.2304	0.651892	47.8823	45.1084	1.44982	46.5582	35.4728	0.739574	36.2124	4.14009	0.316122	4.45621	6.32596	0.343981	6.66995	
2.60786	0.328145	2.93601	37.2974	0.646907	37.9443	0.0454536	0.252781	0.298234	24.7417	0.497057	25.2388	25.5716	0.636057	26.2077	46.7943	0.906432	47.7007	35.5652	0.691188	36.2564	4.41281	0.315243	4.72805	5.70838	0.329025	6.03741	
2.80346	0.322574	3.12603	37.5845	0.592363	38.1769	0.0398818	0.215538	0.25542	23.0919	1.20965	24.3015	30.7996	0.669487	31.4691	48.6485	2.14072	50.7892	48.3529	0.888544	49.2415	4.15035	0.344274	4.49463	5.63976	0.327559	5.96732	
2.56358	0.34662	2.9102	38.1092	0.726964	38.8361	0.0472131	0.560692	0.607905	23.8083	0.493245	24.3015	23.4696	0.610251	24.0798	70.797	1.76184	72.5589	51.0716	0.761274	51.8329	4.25827	0.366854	4.62512	5.82304	0.329025	6.15207	
2.63367	0.322574	2.95624	38.5945	0.592363	39.1868	0.0419346	0.258645	0.30058	20.3113	0.534886	20.8462	23.2291	0.617289	23.8464	44.6724	0.975639	45.648	42.4668	0.689428	43.1563	4.15182	0.316122	4.46794	5.97172	0.369494	6.34121	
5.58316	0.341635	5.9248	48.8374	1.21464	50.052	0.124924	0.562745	0.687669	28.2463	0.538112	28.7844	23.5971	1.7243	25.3215	72.3436	1.26654	73.6102	42.8709	0.737228	43.6082	8.81066	0.354245	9.16491	5.95354	1.68794	7.64148	
4.06355	0.536352	4.5999	49.3887	0.630778	50.0195	0.0436941	0.248968	0.292662	19.2427	0.456295	19.699	23.83	0.567437	24.3974	44.4536	1.13751	45.5911	50.9303	2.03573	52.966	11.771	1.00027	12.7713	10.1315	0.390901	10.5224	
2.59789	0.423451	3.02134	38.2355	0.627553	38.8631	0.0416413	0.2997	0.341342	19.3969	0.447498	19.8444	23.5757	0.592069	24.1678	44.3301	0.846903	45.177	43.4258	0.733122	44.1589	5.83125	0.323747	6.155	5.64035	0.327559	5.96791	
2.59437	0.346034	2.94041	37.6139	0.583565	38.1974	0.0401751	0.374772	0.414947	19.5374	0.443686	19.9811	23.571	0.581806	24.1529	52.8179	0.972413	53.7903	44.6762	1.15745	45.8336	4.12748	0.337823	4.4653	5.7119	0.356591	6.06849	
2.58059	0.345447	2.92604	37.9141	0.645147	38.5593	0.0410548	0.435181	0.476236	21.4635	0.494711	21.9582	38.4015	0.701158	39.1027	44.8973	1.09059	45.9879	36.859	0.808194	37.6672	4.15534	0.575648	4.73098	6.86202	0.685909	7.54793	
3.76913	0.389141	4.15827	49.5878	0.646907	50.2347	0.0818164	0.341342	0.423158	19.6893	0.492365	20.1817	24.0291	0.580339	24.6094	61.9265	0.911711	62.8382	36.4945	0.749837	37.2444	4.12425	0.318175	4.44243	6.50778	0.358057	6.86584	
7.44705	0.971827	8.41888	61.9843	0.654238	62.6385	0.0442806	0.331664	0.375945	21.2456	0.529607	21.7752	24.3417	0.703211	25.0449	48.3597	0.931945	49.2916	35.2661	0.689135	35.9552	4.07264	0.31407	4.38671	5.73683	0.345447	6.08227	
2.52839	0.35835	2.88674	46.7295	0.638989	47.3685	0.0451603	0.246916	0.292076	19.6333	0.476236	20.1095	23.164	0.569783	23.7338	53.7197	0.926666	54.6463	47.4799	0.740747	48.2207	4.16795	0.317882	4.48583	5.72246	0.384156	6.10661	
2.43367	0.321401	2.75507	37.6329	0.572422	38.2053	0.0387088	0.183281	0.221989	19.3527	0.506148	19.8588	23.0476	0.571835	23.6194	52.5971	1.88002	54.4771	35.7547	0.72843	36.4831	4.23305	0.368027	4.60107	5.92128	0.383863	6.30514	
2.6237	0.356004	2.9797	38.6939	0.582979	39.2769	0.0407616	0.256006	0.296768	19.0858	0.449844	19.5357	23.3215	0.556586	23.8781	49.4412	1.67386	51.115	45.5826	0.716114	46.2987	4.09639	0.36011	4.4565	5.69812	0.347793	6.04591	
2.76006	0.323747	3.0838	37.6485	0.902913	38.5514	0.0434008	0.407616	0.451017	19.2615	0.744852	20.0063	23.7546	0.555413	24.31	57.0944	0.950126	58.0445	35.4206	0.686789	36.1074	4.31868	0.321694	4.64037	5.69489	0.328732	6.02362	
4.01135	0.784441	4.79579	40.5024	1.66741	42.1698	0.0454536	0.255713	0.301167	36.9409	0.570369	37.5112	33.3846	0.574181	33.9588	57.7636	1.02608	58.7897	35.3843	1.1771	36.5614	4.0656	0.343688	4.40929	5.73331	0.363335	6.09664	
2.56798	0.323453	2.89143	37.4863	0.57946	38.0658	0.0407616	0.197943	0.238705	19.3409	0.442806	19.7837	33.8873	0.811126	34.6984	57.6583	0.916696	58.575	35.4597	0.687669	36.1473	4.1439	0.36011	4.50401	5.82949	0.370373	6.19987	
2.47267	0.320814	2.79349	37.5617	0.588257	38.1499	0.0422278	0.263337	0.305565	23.8529	0.446618	24.2995	25.2824	0.691774	25.9742	53.5229	1.94805	55.471	43.4973	1.34425	44.8416	5.93389	0.343101	6.27699	5.9248	0.3475	6.2723	
2.82252	0.328732	3.15125	46.9808	0.661863	47.6427	0.0445738	0.262164	0.306738	25.993	0.616996	26.61	26.4584	0.619048	27.0774	45.3574	0.922268	46.2797	40.7094	0.710542	41.4199	11.498	1.35862	12.8566	5.62598	0.368907	5.99489	
2.54599	0.641335	3.18732	38.6517	1.12168	39.7733	0.0955991	0.407616	0.503215	24.7587	0.516411	25.2751	31.941	1.21757	33.1585	86.6808	0.90262	87.5835	35.9852	0.687082	36.6722	4.50518	0.638989	5.14417	7.29544	0.337529	7.63297	
2.59643	0.32404	2.92047	52.6297	0.918749	53.5484	0.0615823	0.338702	0.400285	23.7259	0.759808	24.4857	26.659	0.621101	27.2801	59.311	0.854234	60.1653	35.2981	0.704384	36.0025	6.97492	0.330198	7.30512	6.35558	0.385622	6.7412	
2.59877	0.423451	3.02222	45.6882	0.656877	46.345	0.0580633	0.252781	0.310844	19.4837	0.502629	19.9864	23.4969	0.563918	24.0608	44.6683	0.88092	45.5492	35.3418	0.675352	36.0171	4.11663	0.33489	4.45152	5.9333	0.478289	6.41159	
3.53599	0.328439	3.86443	54.7032	0.64632	55.3495	0.0428143	0.241051	0.283865	25.3209	0.46304	25.7839	23.3634	0.56861	23.932	44.8216	0.868603	45.6902	43.5665	2.08265	45.6492	9.4693	0.743093	10.2124	10.5901	0.975639	11.5657	
4.91573	0.632245	5.54798	46.9911	0.641042	47.6321	0.0451603	0.254247	0.299407	34.2136	2.00905	36.2227	31.8767	0.731949	32.6087	49.0802	2.31403	51.3942	37.6241	0.715527	38.3396	4.16355	0.337236	4.50078	5.74621	0.342808	6.08902	
3.05771	0.382397	3.4401	37.5356	0.596175	38.1317	0.0709662	0.819631	0.890597	19.3741	0.471544	19.8456	23.3775	0.557466	23.935	44.0856	0.849249	44.9348	49.1239	0.738694	49.8626	4.08701	0.319934	4.40694	11.0728	0.692067	11.7649	
4.85327	0.653652	5.50692	39.3317	0.893529	40.2252	0.129323	0.564211	0.693534	23.028	0.499989	23.5279	36.8444	0.599694	37.4441	48.1125	0.902913	49.0154	54.5768	1.17094	55.7478	4.92775	0.941622	5.86938	8.22944	0.411135	8.64058	
3.15272	0.697346	3.85006	47.9913	0.593829	48.5852	0.0413481	0.524915	0.566264	25.0379	0.507907	25.5458	23.547	0.997926	24.5449	51.9792	0.910538	52.8898	41.5965	0.687962	42.2844	4.12777	0.358937	4.48671	6.00926	0.334304	6.34356	
2.55742	0.320228	2.87765	37.8033	0.563918	38.3672	0.0407616	0.183574	0.224335	19.5884	0.463333	20.0518	23.3661	1.10115	24.4672	58.5891	0.877987	59.4671	40.3343	1.05188	41.3862	4.63744	0.32492	4.96236	5.71806	0.341342	6.0594	
2.66153	0.358937	3.02046	37.854	0.58943	38.4435	0.0413481	0.248968	0.290316	19.2494	0.494711	19.7442	26.3581	0.735468	27.0936	53.6977	0.977398	54.6751	37.5778	0.744559	38.3223	4.15504	0.344274	4.49932	6.09049	0.33577	6.42626	
2.4976	0.344567	2.84217	37.1919	0.598228	37.7901	0.0413481	0.589137	0.630485	19.2415	0.44134	19.6829	23.0948	0.588257	23.6831	51.1071	0.883559	51.9907	35.8649	1.13223	36.9972	4.07587	0.361283	4.43715	5.59959	0.329025	5.92861	
5.05854	0.324333	5.38288	37.4664	0.587671	38.054	0.0401751	0.235479	0.275654	19.248	0.437821	19.6858	23.3948	0.570956	23.9658	61.387	0.951886	62.3388	41.4299	0.768898	42.1988	4.23686	0.33665	4.57351	5.75208	0.399405	6.15148	
2.56446	0.340462	2.90492	55.3364	0.666555	56.0029	0.0533713	0.239291	0.292662	19.5518	0.471544	20.0233	23.5837	0.617875	24.2015	49.9825	1.06479	51.0473	37.2933	0.756582	38.0499	5.01573	0.329905	5.34563	5.75149	0.329025	6.08051	
2.59672	0.364215	2.96093	43.8351	0.618462	44.4536	0.0527848	0.205274	0.258059	23.7734	0.460401	24.2338	28.8451	0.63811	29.4832	49.7558	0.900274	50.6561	35.1928	0.72931	35.9221	7.9922	0.638989	8.63119	17.8876	1.03194	18.9195	
5.18112	0.372133	5.55325	39.7077	0.675059	40.3827	0.0460401	0.274774	0.320814	24.4426	1.62196	26.0645	24.6414	0.591483	25.2329	46.4536	1.1337	47.5873	36.2048	0.766553	36.9713	4.06091	0.314656	4.37557	5.56381	0.348086	5.9119	
2.53074	0.321987	2.85272	38.9141	0.607025	39.5211	0.0419346	0.223749	0.265683	19.2166	0.44046	19.6571	29.312	1.18033	30.4923	45.0105	0.975052	45.9855	35.2163	0.733415	35.9497	4.02044	0.312603	4.33305	5.90633	0.329905	6.23623	
2.53543	0.321401	2.85683	37.693	0.59119	38.2842	0.0387088	0.244276	0.282985	19.231	1.0425	20.2735	23.6112	0.94954	24.5608	73.7676	2.89319	76.6608	49.1682	1.06537	50.2335	10.6138	0.806728	11.4206	9.22385	0.392074	9.61592	
2.6759	0.352485	3.02838	37.5622	0.888837	38.4511	0.0492658	0.447498	0.496764	20.8218	0.719926	21.5418	23.9488	0.617289	24.566	44.2413	0.846609	45.0879	35.5174	0.732242	36.2497	4.15651	0.31231	4.46882	9.0872	0.332544	9.41974	
2.56886	0.317589	2.88645	37.3625	0.620221	37.9828	0.0413481	0.243397	0.284745	29.7941	1.50437	31.2985	24.0464	1.41756	25.464	44.7826	0.966255	45.7489	40.7724	0.8557	41.6281	4.06707	0.317295	4.38436	5.6685	0.327559	5.99606	
2.46681	0.350432	2.81724	39.8601	1.10936	40.9695	0.0809367	0.396766	0.477702	34.5262	0.487086	35.0133	24.2285	0.634004	24.8625	45.4999	0.904086	46.404	36.3722	0.803795	37.176	4.2266	0.340169	4.56676	5.75765	0.327852	6.0855	
2.54159	0.347793	2.88938	37.7444	1.55862	39.303	0.053078	0.233426	0.286504	21.4453	0.65893	22.1042	25.5766	0.60204	26.1786	46.8767	0.903793	47.7805	35.2843	0.872415	36.1567	4.08994	0.494124	4.58407	5.67114	0.354245	6.02538	
2.58118	0.321107	2.90228	37.2514	0.633124	37.8845	0.0410548	0.273894	0.314949	19.9327	0.462747	20.3955	30.2422	0.570076	30.8122	54.1654	0.913177	55.0786	35.6324	1.24132	36.8737	4.08672	0.320521	4.40724	9.49452	0.419932	9.91445	
2.5586	0.446325	3.00492	39.8877	0.653358	40.5411	0.0457468	0.249262	0.295008	22.067	0.829894	22.8969	24.1458	0.598814	24.7446	50.196	0.929892	51.1259	35.357	0.68151	36.0385	4.21809	0.312017	4.53011	5.72129	0.331078	6.05236	
2.78674	0.325506	3.11225	37.5227	0.624327	38.147	0.0477996	0.246036	0.293835	24.7297	1.1988	25.9285	41.1062	0.571249	41.6774	44.0733	0.847196	44.9204	35.9632	0.723445	36.6866	4.22865	0.325799	4.55445	5.74797	0.624913	6.37288	
2.60464	0.326679	2.93132	38.3285	0.642801	38.9713	0.0428143	0.216418	0.259232	26.3076	0.592949	26.9006	23.4793	0.592363	24.0716	57.5249	0.938396	58.4633	37.0274	0.819631	37.847	4.15856	0.340462	4.49902	5.80779	0.343981	6.15177	
2.54188	0.374186	2.91607	37.2323	0.868896	38.1012	0.0595295	0.234599	0.294129	24.3303	0.460987	24.7913	23.2409	0.648373	23.8892	44.6196	0.841038	45.4606	56.6589	2.75185	59.4108	6.85821	0.374186	7.2324	6.5547	0.40615	6.96085	
2.85742	0.381224	3.23864	44.4002	0.652185	45.0524	0.0480928	0.258059	0.306152	20.7711	0.493538	21.2646	26.0502	0.636937	26.6871	46.4805	0.904966	47.3855	36.779	0.720806	37.4998	4.08232	0.338702	4.42102	5.7119	0.734295	6.4462	
2.52986	0.363629	2.89349	47.0491	0.621688	47.6708	0.0844557	0.419932	0.504388	33.8131	0.702331	34.5154	33.3333	0.965082	34.2984	45.3023	0.990595	46.2929	35.8544	0.75365	36.608	4.00549	0.338996	4.34448	5.74299	0.331664	6.07465	
2.5152	0.351019	2.86621	43.7859	0.697932	44.4838	0.0416413	0.225802	0.267443	19.4764	0.733122	20.2095	25.9769	0.582685	26.5595	44.4876	0.855407	45.343	35.396	0.686789	36.0828	4.32747	0.341342	4.66882	5.54358	0.327559	5.87114	
2.53455	0.711128	3.24568	46.2459	1.26977	47.5157	0.0448671	0.262751	0.307618	19.6852	0.545443	20.2307	24.2584	0.657464	24.9159	51.403	2.08353	53.4865	91.8071	1.4639	93.271	8.50128	0.331078	8.83236	5.7163	1.33751	7.05381	
4.27	0.551601	4.8216	60.6576	0.719339	61.377	0.125511	0.551015	0.676525	23.5863	0.514945	24.1012	40.1774	0.575354	40.7528	45.7638	0.87916	46.643	52.9132	1.04485	53.9581	4.09727	0.409962	4.50723	5.75178	0.333424	6.08521	
2.46417	0.320814	2.78498	37.5373	0.56773	38.105	0.0434008	0.645147	0.688548	19.1638	0.490899	19.6547	23.2555	0.56597	23.8215	47.8532	0.912884	48.7661	59.2506	2.68968	61.9403	7.69104	0.586498	8.27754	10.4575	0.649253	11.1068	
4.7782	0.685323	5.46352	47.8735	0.653945	48.5274	0.0463333	0.253954	0.300287	19.6837	0.483274	20.167	24.5637	0.645147	25.2088	47.5471	0.870949	48.418	35.1705	0.752477	35.923	4.41369	0.338409	4.7521	13.3273	0.368614	13.6959	
4.68788	0.609664	5.29754	41.1378	1.71727	42.8551	0.124044	0.602626	0.726671	32.5034	0.544856	33.0483	58.7832	0.668021	59.4512	56.127	0.863325	56.9903	41.3674	0.743679	42.1111	4.68172	1.1425	5.82422	9.77193	0.394713	10.1666	
2.68763	0.395006	3.08263	86.6553	0.644268	87.2996	0.0454536	0.333717	0.379171	19.9095	0.486207	20.3958	23.8702	0.608198	24.4784	53.7598	1.54777	55.3076	35.8673	0.802036	36.6693	6.73651	0.346034	7.08255	6.9934	0.372719	7.36612	
3.17589	0.375359	3.55124	45.582	0.971827	46.5538	0.0398818	0.570662	0.610544	20.3603	0.446911	20.8072	23.4411	0.579166	24.0203	44.3621	0.871242	45.2333	47.6283	0.721979	48.3503	4.13364	0.339875	4.47351	6.36643	0.38181	6.74824	
4.1873	0.581219	4.76852	45.8295	0.598814	46.4283	0.0428143	0.257179	0.299994	19.1345	0.445445	19.5799	29.8099	1.70114	31.5111	69.7976	1.54161	71.3392	48.1409	0.786787	48.9277	4.23217	0.341635	4.5738	5.86058	0.354538	6.21512	
2.55449	0.323747	2.87824	37.6156	0.592069	38.2077	0.0586498	0.375359	0.434008	19.0594	0.444859	19.5043	23.357	0.61201	23.969	44.5067	0.903206	45.4099	50.3722	0.961563	51.3338	5.75032	0.446618	6.19693	5.71014	0.356004	6.06615	
2.96563	0.56861	3.53424	42.5627	0.603506	43.1662	0.0425211	0.247209	0.28973	20.2327	0.482394	20.7151	23.3916	0.640162	24.0317	50.1535	0.973293	51.1268	50.9455	0.737814	51.6834	8.33208	0.403804	8.73588	7.15205	0.446911	7.59896	
2.82135	0.363922	3.18527	41.5768	0.741626	42.3184	0.0712595	0.233133	0.304392	20.5022	0.461867	20.9641	23.6362	0.589137	24.2253	45.9055	0.966841	46.8723	58.8322	0.700865	59.533	4.15152	0.353951	4.50548	5.70428	0.34838	6.05266	
2.55127	0.359816	2.91108	49.0652	1.07124	50.1365	0.0548375	0.222869	0.277707	19.3072	0.499989	19.8072	23.9602	0.560985	24.5212	59.7753	0.887958	60.6632	37.371	0.70497	38.076	4.1222	0.319348	4.44155	5.67378	0.326972	6.00075	
2.7237	0.336943	3.06064	46.9972	0.592069	47.5893	0.0407616	0.202048	0.24281	22.9148	0.511719	23.4265	51.6018	1.7029	53.3047	50.9288	0.909658	51.8385	35.786	0.701451	36.4875	4.48671	0.314949	4.80166	5.65648	0.397059	6.05354	
2.67912	0.389141	3.06826	37.1845	0.599694	37.7842	0.0404683	0.182694	0.223162	19.4019	0.471544	19.8735	25.3083	0.655118	25.9634	51.2306	0.886785	52.1174	35.5834	0.686496	36.2699	4.24536	0.360403	4.60577	6.68285	0.339875	7.02272	
2.58675	0.325213	2.91196	37.613	0.643681	38.2567	0.0401751	0.215831	0.256006	29.4835	1.39968	30.8832	26.093	0.641628	26.7346	52.1185	1.56214	53.6807	42.3011	2.15479	44.4559	11.9173	0.348966	12.2663	6.1289	0.372719	6.50162	
