Using Best Grid Path: true
Using Waypoints: true
Using Best Waypoint Path: false
Heuristic: Manhattan Distance


0_WaypointTraversalTime	0_GridTraversalTime	0_TotalTraversalTime	1_WaypointTraversalTime	1_GridTraversalTime	1_TotalTraversalTime	2_WaypointTraversalTime	2_GridTraversalTime	2_TotalTraversalTime	3_WaypointTraversalTime	3_GridTraversalTime	3_TotalTraversalTime	4_WaypointTraversalTime	4_GridTraversalTime	4_TotalTraversalTime	5_WaypointTraversalTime	5_GridTraversalTime	5_TotalTraversalTime	6_WaypointTraversalTime	6_GridTraversalTime	6_TotalTraversalTime	7_WaypointTraversalTime	7_GridTraversalTime	7_TotalTraversalTime	8_WaypointTraversalTime	8_GridTraversalTime	8_TotalTraversalTime	
1.41698	0.291196	1.70817	0.821977	0.212019	1.034	0.0140759	0.150143	0.164219	0.180348	0.0882679	0.268616	1.05834	0.220816	1.27915	0.164806	0.139	0.303806	1.63134	0.196183	1.82753	0.987369	0.132842	1.12021	0.490605	0.0697932	0.560399	
1.16244	0.268323	1.43076	0.921095	0.250435	1.17153	0.0287384	0.138413	0.167152	0.156008	0.234013	0.390021	1.92811	0.282399	2.21051	0.162753	0.232253	0.395006	1.63252	0.209673	1.84219	1.19646	0.192078	1.38853	0.804382	0.0662742	0.870656	
1.43311	0.273894	1.707	0.84573	0.21935	1.06508	0.0149557	0.151903	0.166859	0.174776	0.0938396	0.268616	1.07212	0.222283	1.2944	0.143399	0.132548	0.275947	1.15188	0.155715	1.3076	0.933998	0.116713	1.05071	0.56861	0.0630485	0.631658	
1.15217	0.262751	1.41493	0.826375	0.217884	1.04426	0.0152489	0.134894	0.150143	0.166859	0.0920801	0.258939	1.22842	0.225802	1.45422	0.274188	0.160407	0.434595	1.31346	0.164219	1.47768	0.946901	0.118473	1.06537	0.432249	0.0568903	0.489139	
1.9504	0.378878	2.32928	0.882679	0.251021	1.1337	0.0161287	0.139	0.155129	0.153662	0.0917869	0.245449	1.08795	0.22111	1.30906	0.137534	0.140466	0.278	1.30202	0.151903	1.45393	0.89001	0.110262	1.00027	0.413481	0.0548375	0.468318	
1.09323	0.241637	1.33487	0.809367	0.201169	1.01054	0.0140759	0.118766	0.132842	0.141639	0.0973586	0.238998	1.02227	0.211139	1.2334	0.129616	0.123165	0.252781	1.16625	0.145451	1.3117	0.885612	0.109382	0.994993	0.412894	0.0551308	0.468025	
1.48003	0.425797	1.90582	0.849249	0.210259	1.05951	0.0129029	0.140173	0.153076	0.153076	0.0868017	0.239878	1.06889	0.199996	1.26889	0.145451	0.123751	0.269202	1.15247	0.142519	1.29499	0.965375	0.104397	1.06977	0.772124	0.114074	0.886198	
2.28587	0.500576	2.78645	1.73369	0.431076	2.16476	0.0507321	0.219057	0.269789	0.338996	0.176829	0.515825	2.36329	0.454536	2.81783	0.27888	0.251901	0.53078	2.38089	0.312017	2.6929	1.43985	0.257472	1.69732	0.855407	0.116127	0.971533	
1.15687	0.249262	1.40613	1.32314	0.219643	1.54278	0.0152489	0.0929599	0.108209	0.151903	0.125217	0.27712	1.16097	0.241344	1.40232	0.12639	0.178002	0.304392	1.19587	0.145745	1.34161	1.82811	0.241051	2.06916	0.842504	0.118179	0.960683	
2.32194	0.51905	2.84099	1.50202	0.204101	1.70612	0.0158354	0.0935464	0.109382	0.148384	0.125804	0.274188	1.06009	0.2302	1.29029	0.126097	0.171844	0.297941	1.16302	0.146331	1.30936	0.982677	0.140759	1.12344	1.00584	0.067154	1.073	
1.20261	0.260698	1.46331	0.864498	0.215538	1.08004	0.0152489	0.126684	0.141932	0.217297	0.0935464	0.310844	2.56417	0.365681	2.92985	0.378878	0.166565	0.545443	1.96096	0.16334	2.12429	0.914643	0.125804	1.04045	0.65893	0.0797637	0.738694	
1.33311	0.520517	1.85363	0.858046	0.22111	1.07916	0.0155422	0.115247	0.130789	0.172137	0.0947194	0.266856	1.15804	0.230494	1.38853	0.135481	0.131375	0.266856	1.24103	0.164513	1.40554	0.979744	0.125804	1.10555	1.04074	0.152783	1.19352	
1.10613	0.260698	1.36683	0.834879	0.222869	1.05775	0.0155422	0.140466	0.156008	0.166272	0.0917869	0.258059	1.06919	0.229027	1.29821	0.127857	0.126977	0.254833	1.1513	0.153662	1.30496	0.913177	0.11642	1.0296	0.421105	0.0724325	0.493538	
1.14983	0.244863	1.39469	0.94954	0.213192	1.16273	0.0152489	0.137827	0.153076	0.150143	0.0926666	0.24281	1.03927	0.226388	1.26566	0.135774	0.12639	0.262164	1.11347	0.194131	1.3076	0.909071	0.158648	1.06772	0.423158	0.0756582	0.498816	
1.20643	0.255713	1.46214	0.910244	0.217884	1.12813	0.0158354	0.131082	0.146918	0.146331	0.0912004	0.237532	1.02901	0.248675	1.27769	0.131669	0.132255	0.263924	1.14162	0.156302	1.29792	1.1164	0.154542	1.27094	0.414067	0.0771244	0.491192	
1.16332	0.258059	1.42138	0.900567	0.211726	1.11229	0.0146624	0.141932	0.156595	0.159821	0.1173	0.27712	1.06068	0.237532	1.29821	0.127563	0.125804	0.253367	1.14103	0.152489	1.29352	0.923441	0.122871	1.04631	0.407323	0.0583565	0.465679	
1.09059	0.236945	1.32754	0.839865	0.209966	1.04983	0.0146624	0.134601	0.149264	0.156008	0.0897341	0.245743	1.03282	0.20674	1.23956	0.124044	0.125217	0.249262	1.15452	0.14985	1.30437	0.898514	0.109675	1.00819	0.404683	0.0560105	0.460694	
1.15071	0.232546	1.38325	0.873882	0.192371	1.06625	0.0152489	0.134601	0.14985	0.155422	0.0909071	0.246329	1.08473	0.244863	1.32959	0.137827	0.130789	0.268616	1.18033	0.139	1.31933	1.06508	0.11466	1.17974	0.431956	0.0747785	0.506734	
1.16215	0.250435	1.41258	0.875055	0.2302	1.10525	0.0161287	0.0917869	0.107916	0.146918	0.141932	0.28885	1.08443	0.217591	1.30202	0.125511	0.183574	0.309084	1.19909	0.147797	1.34689	1.69586	0.234892	1.93075	0.848369	0.111435	0.959803	
2.29203	0.504388	2.79642	1.73955	0.452483	2.19204	0.0158354	0.0973586	0.113194	0.156595	0.0903206	0.246916	1.08561	0.243397	1.329	0.132255	0.128736	0.260991	1.20584	0.140173	1.34601	0.948074	0.106449	1.05452	0.436354	0.056597	0.492951	
1.14866	0.2302	1.37886	0.872122	0.191198	1.06332	0.0143692	0.135774	0.150143	0.194131	0.310844	0.504975	1.10056	0.202342	1.3029	0.118473	0.150143	0.268616	1.22901	0.139	1.36801	1.01112	0.10381	1.11493	0.46216	0.0633418	0.525502	
1.13986	0.260698	1.40056	1.1469	0.337823	1.48472	0.0167152	0.228441	0.245156	0.224042	0.140173	0.364215	1.71609	0.314949	2.03104	0.159527	0.136947	0.296475	1.51052	0.158941	1.66947	1.02256	0.176536	1.19909	0.467732	0.0621688	0.529901	
1.18561	0.259818	1.44542	1.33809	0.204981	1.54308	0.0167152	0.138707	0.155422	0.157475	0.0973586	0.254833	1.08297	0.208793	1.29176	0.167445	0.125804	0.293249	1.17153	0.139	1.31053	0.991474	0.281226	1.2727	0.447205	0.0656877	0.512892	
1.12314	0.262164	1.38531	1.03018	0.236065	1.26625	0.0137827	0.109968	0.123751	0.136361	0.124338	0.260698	1.07828	0.204101	1.28238	0.124044	0.146918	0.270962	1.49733	0.261871	1.7592	1.03136	0.144278	1.17563	0.448084	0.0592363	0.507321	
1.12608	0.385915	1.51199	0.921681	0.248675	1.17036	0.0140759	0.132842	0.146918	0.144572	0.0914936	0.236065	1.1249	0.209966	1.33487	0.118473	0.161873	0.280346	1.19734	0.140466	1.3378	0.942795	0.106156	1.04895	0.443392	0.0668607	0.510253	
1.16097	0.300873	1.46185	0.931358	0.198236	1.12959	0.0137827	0.124631	0.138413	0.152783	0.0923734	0.245156	1.27035	0.20762	1.47797	0.148677	0.123751	0.272428	1.19528	0.139586	1.33487	0.955112	0.105863	1.06097	0.431369	0.0788839	0.510253	
1.13341	0.296768	1.43017	0.892943	0.192664	1.08561	0.0143692	0.125511	0.13988	0.153662	0.0859219	0.239584	1.06625	0.206154	1.27241	0.123165	0.124631	0.247795	1.16625	0.136654	1.3029	0.936637	0.103517	1.04015	0.425211	0.0574768	0.482688	
1.23692	0.24369	1.48061	0.911711	0.193837	1.10555	0.0134894	0.0824029	0.0958924	0.153662	0.0876814	0.241344	1.0554	0.200875	1.25628	0.136361	0.123165	0.259525	1.16713	0.140759	1.30789	0.962149	0.109382	1.07153	0.445738	0.0662742	0.512012	
1.15892	0.223749	1.38267	0.917869	0.212312	1.13018	0.0149557	0.0888544	0.10381	0.154542	0.135774	0.290316	1.13223	0.202635	1.33487	0.118473	0.153369	0.271842	1.18062	0.156008	1.33663	0.982677	0.114074	1.09675	0.449257	0.0642215	0.513479	
1.15217	0.226388	1.37856	0.940156	0.193837	1.13399	0.0143692	0.0824029	0.0967721	0.132255	0.139293	0.271548	1.08854	0.200289	1.28883	0.118179	0.148677	0.266856	1.20555	0.143399	1.34894	1.01317	0.10557	1.11874	0.436941	0.0630485	0.499989	
2.48294	0.568903	3.05184	1.97943	0.480342	2.45977	0.0346034	0.213192	0.247795	0.343394	0.192958	0.536352	1.27915	0.227561	1.50671	0.12727	0.16246	0.28973	1.28326	0.161873	1.44513	1.00379	0.112608	1.1164	0.423158	0.05777	0.480928	
1.23077	0.251314	1.48208	0.884145	0.204981	1.08913	0.0140759	0.0876814	0.101757	0.142226	0.0997046	0.24193	1.09001	0.23284	1.32285	0.198823	0.374479	0.573302	3.38351	0.427264	3.81077	0.907898	0.109968	1.01787	1.09089	0.175949	1.26684	
2.49848	0.336356	2.83484	0.938983	0.202342	1.14132	0.0316709	0.142226	0.173897	0.156008	0.0950126	0.251021	1.21434	0.374772	1.58912	0.129029	0.168618	0.297648	1.27769	0.146624	1.42431	1.04426	0.132548	1.17681	0.437527	0.0680337	0.505561	
1.13722	0.243397	1.38062	0.893529	0.197063	1.09059	0.0146624	0.11642	0.131082	0.159821	0.0920801	0.251901	1.10174	0.21935	1.32109	0.118766	0.181814	0.30058	1.16801	0.153956	1.32197	0.921974	0.118766	1.04074	0.420812	0.0574768	0.478289	
1.16918	0.228734	1.39792	0.893236	0.190612	1.08385	0.0134894	0.108502	0.121992	0.282105	0.0891477	0.371253	1.09294	0.270962	1.3639	0.167445	0.135774	0.303219	1.34425	0.165686	1.50994	1.01787	0.112901	1.13077	0.462453	0.076538	0.538991	
1.30466	0.237532	1.5422	0.909071	0.193544	1.10262	0.0131962	0.107916	0.121112	0.163926	0.0906139	0.25454	1.11874	0.205567	1.32431	0.136361	0.132842	0.269202	1.29059	0.18504	1.47563	0.940156	0.107036	1.04719	0.441046	0.058943	0.499989	
1.19821	0.226388	1.4246	0.926666	0.209086	1.13575	0.0131962	0.136067	0.149264	0.151903	0.0859219	0.237825	1.10584	0.201755	1.3076	0.11642	0.153956	0.270375	1.30378	0.169205	1.47299	1.04309	0.147211	1.1903	0.442513	0.0642215	0.506734	
1.18619	0.225802	1.41199	0.880333	0.191492	1.07182	0.0134894	0.258645	0.272135	0.187679	0.0885612	0.27624	1.10584	0.248968	1.35481	0.159527	0.127857	0.287384	1.16068	0.143985	1.30466	0.958044	0.107329	1.06537	0.424331	0.0563038	0.480635	
1.13663	0.229907	1.36654	0.838692	0.209673	1.04836	0.0143692	0.135188	0.149557	0.163633	0.0868017	0.250435	1.0425	0.200289	1.24279	0.142812	0.122871	0.265683	1.16302	0.143985	1.30701	0.96127	0.120525	1.0818	0.440167	0.0551308	0.495297	
1.08766	0.225508	1.31317	0.958337	0.192078	1.15042	0.0134894	0.121112	0.134601	0.153956	0.16334	0.317295	1.53662	0.215538	1.75216	0.119059	0.134894	0.253954	1.40202	0.146624	1.54865	0.989422	0.105276	1.0947	0.431369	0.0551308	0.4865	
1.19763	0.297354	1.49498	0.888251	0.207327	1.09558	0.0152489	0.0935464	0.108795	0.149557	0.215245	0.364802	2.18324	0.451603	2.63484	0.296181	0.25454	0.550721	1.43516	0.16246	1.59762	0.919335	0.120819	1.04015	0.404683	0.067154	0.471837	
1.13018	0.26539	1.39557	1.2639	0.330491	1.59439	0.0252194	0.165686	0.190905	0.258352	0.134015	0.392367	1.10848	0.234013	1.34249	0.225215	0.187973	0.413188	1.19558	0.157768	1.35334	0.916989	0.120232	1.03722	0.401458	0.058943	0.460401	
1.77709	0.397059	2.17415	1.10525	0.226975	1.33223	0.0155422	0.154542	0.170084	0.226681	0.136361	0.363042	1.10525	0.235479	1.34073	0.151023	0.131669	0.282692	1.19059	0.160994	1.35158	0.938103	0.119352	1.05746	0.425797	0.0583565	0.484154	
1.14954	0.276534	1.42607	1.07153	0.329318	1.40085	0.0258059	0.141639	0.167445	0.179468	0.0950126	0.274481	1.10203	0.23108	1.33311	0.16246	0.12815	0.29061	1.24308	0.155422	1.3985	0.953352	0.111728	1.06508	0.454242	0.0950126	0.549255	
1.59498	0.282692	1.87767	1.2425	0.225215	1.46771	0.0167152	0.192664	0.20938	0.16246	0.107036	0.269496	1.11523	0.248382	1.36361	0.156595	0.151903	0.308498	1.18736	0.209966	1.39733	1.74512	0.124044	1.86917	0.427557	0.065981	0.493538	
1.15687	0.245156	1.40202	0.902033	0.227854	1.12989	0.0158354	0.220816	0.236652	0.155129	0.0932531	0.248382	1.10408	0.212899	1.31698	0.134308	0.127563	0.261871	1.25598	0.18504	1.44102	1.0032	0.112021	1.11523	0.442219	0.0574768	0.499696	
1.15569	0.23284	1.38853	0.841331	0.197356	1.03869	0.0134894	0.351899	0.365388	0.170964	0.0903206	0.261285	1.08062	0.203515	1.28414	0.139293	0.123165	0.262458	1.14924	0.151023	1.30027	0.894996	0.114367	1.00936	0.421105	0.0824029	0.503508	
1.1337	0.2302	1.3639	0.881213	0.192664	1.07388	0.0137827	0.181814	0.195597	0.344567	0.192078	0.536645	2.58851	0.501456	3.08996	0.144278	0.121992	0.26627	1.36507	0.163926	1.529	0.963909	0.108795	1.0727	0.445445	0.0703797	0.515825	
2.54863	0.571542	3.12017	1.96682	0.495297	2.46212	0.0161287	0.202635	0.218764	0.191198	0.0870949	0.278293	2.9061	0.446911	3.35301	0.163046	0.125804	0.28885	1.25071	0.141932	1.39264	0.962149	0.107916	1.07007	0.975052	0.05777	1.03282	
1.17622	0.234013	1.41023	0.877107	0.19501	1.07212	0.0129029	0.139293	0.152196	0.188559	0.109382	0.297941	1.05951	0.231667	1.29117	0.138413	0.124044	0.262458	1.13223	0.13812	1.27035	0.937517	0.10557	1.04309	0.408202	0.0563038	0.464506	
1.13869	0.230494	1.36918	0.82051	0.20674	1.02725	0.0134894	0.181521	0.19501	0.347793	0.195597	0.54339	2.01257	0.201755	2.21432	0.142519	0.128443	0.270962	1.22842	0.158061	1.38648	1.10731	0.105863	1.21317	0.440753	0.0595295	0.500283	
2.52868	0.586498	3.11518	1.94277	0.479169	2.42194	0.0149557	0.0888544	0.10381	0.215538	0.0932531	0.308791	1.1076	0.203221	1.31082	0.140173	0.13988	0.280053	1.19675	0.138413	1.33516	0.969187	0.104397	1.07358	0.435768	0.0545443	0.490312	
1.21933	0.226975	1.4463	0.895289	0.190612	1.0859	0.0131962	0.123751	0.136947	0.133428	0.16334	0.296768	1.48267	0.323747	1.80641	0.192371	0.138707	0.331078	1.34484	0.160994	1.50583	1.72254	0.168911	1.89146	0.662156	0.0642215	0.726377	
1.32314	0.516411	1.83955	1.19411	0.238705	1.43281	0.0158354	0.428143	0.443979	0.167738	0.105276	0.273015	2.14365	0.487966	2.63162	0.236065	0.316416	0.552481	1.36683	0.159527	1.52636	1.13605	0.113194	1.24924	0.595002	0.063635	0.658637	
1.69117	0.303219	1.99439	1.29059	0.235479	1.52607	0.0152489	0.148677	0.163926	0.156595	0.0914936	0.248089	1.04807	0.246916	1.29499	0.155422	0.125217	0.280639	1.42607	0.236065	1.66213	0.943088	0.140759	1.08385	0.420812	0.068327	0.489139	
1.13018	0.241637	1.37182	0.848369	0.213778	1.06215	0.0137827	0.141053	0.154835	0.165686	0.0923734	0.258059	1.03986	0.208207	1.24807	0.166859	0.123751	0.29061	1.1469	0.140759	1.28766	1.29205	0.119939	1.41199	0.410842	0.0563038	0.467145	
1.10877	0.305272	1.41405	0.910831	0.224042	1.13487	0.0137827	0.143105	0.156888	0.153662	0.0923734	0.246036	1.06185	0.230494	1.29235	0.12639	0.12639	0.252781	1.1642	0.140466	1.30466	0.988249	0.136947	1.1252	0.444272	0.0759515	0.520223	
1.19059	0.250435	1.44102	0.877987	0.204394	1.08238	0.0240464	0.135188	0.159234	0.147504	0.0906139	0.238118	1.05188	0.214365	1.26625	0.192371	0.129323	0.321694	1.12666	0.153369	1.28003	0.90086	0.124924	1.02578	0.438114	0.0592363	0.49735	
1.10877	0.256299	1.36507	0.896462	0.213778	1.11024	0.0158354	0.146331	0.162167	0.243103	0.0926666	0.33577	1.21405	0.232546	1.4466	0.141639	0.243103	0.384742	1.19294	0.151903	1.34484	1.19059	0.128443	1.31903	0.589723	0.0604093	0.650133	
1.48413	0.262458	1.74659	1.14308	0.307325	1.45041	0.0175949	0.199702	0.217297	0.161873	0.0973586	0.259232	1.05804	0.23284	1.29088	0.136947	0.126977	0.263924	1.15217	0.168325	1.3205	0.956285	0.125511	1.0818	0.422278	0.0595295	0.481808	
1.13165	0.258352	1.39	0.859219	0.212605	1.07182	0.0143692	0.132255	0.146624	0.165979	0.0926666	0.258645	1.38707	0.242517	1.62958	0.152783	0.136947	0.28973	1.16449	0.154249	1.31874	0.909365	0.11466	1.02402	0.421985	0.0592363	0.481221	
1.16009	0.25366	1.41375	0.874761	0.202342	1.0771	0.0137827	0.12815	0.141932	0.18504	0.104983	0.290023	1.08209	0.221989	1.30408	0.135188	0.122285	0.257472	1.19499	0.146038	1.34103	0.953352	0.112901	1.06625	0.431662	0.0557173	0.48738	
1.17182	0.243103	1.41493	0.862152	0.201169	1.06332	0.0140759	0.129323	0.143399	0.190612	0.0917869	0.282399	1.06185	0.222283	1.28414	0.160407	0.128736	0.289143	1.13253	0.146918	1.27944	0.913763	0.113781	1.02754	0.406443	0.055424	0.461867	
1.20379	0.245743	1.44953	0.86919	0.202928	1.07212	0.0149557	0.114954	0.129909	0.144278	0.0929599	0.237238	1.13077	0.207327	1.33809	0.12639	0.125217	0.251608	1.20232	0.183281	1.3856	0.986489	0.123458	1.10995	0.426384	0.055424	0.481808	
1.16566	0.254247	1.41991	0.877401	0.216711	1.09411	0.0134894	0.122871	0.136361	0.159527	0.111435	0.270962	1.10525	0.203808	1.30906	0.125804	0.125217	0.251021	1.18619	0.139293	1.32548	1.02432	0.120819	1.14514	0.865964	0.208793	1.07476	
1.15833	0.246036	1.40437	0.910538	0.19501	1.10555	0.0299114	0.193251	0.223162	0.159527	0.0944261	0.253954	1.08326	0.212899	1.29616	0.142812	0.126977	0.269789	1.20848	0.142519	1.351	1.1032	0.125804	1.22901	0.698519	0.0615823	0.760101	
1.21962	0.367441	1.58706	0.888251	0.239584	1.12784	0.0181814	0.165392	0.183574	0.167152	0.0953059	0.262458	1.11611	0.222576	1.33868	0.123751	0.132255	0.256006	1.22314	0.180641	1.40378	1.18033	0.157181	1.33751	0.612304	0.0621688	0.674472	
1.58002	0.266563	1.84659	2.25655	0.442806	2.69936	0.0167152	0.14985	0.166565	0.204101	0.0909071	0.295008	1.09616	0.214658	1.31082	0.141932	0.129616	0.271548	1.14572	0.147504	1.29323	1.18648	0.152783	1.33927	0.443686	0.0595295	0.503215	
1.27827	0.264804	1.54308	0.903793	0.193544	1.09734	0.0146624	0.151316	0.165979	0.174776	0.118766	0.293542	1.0818	0.23196	1.31375	0.148091	0.12815	0.27624	1.52841	0.202635	1.73105	1.22989	0.152196	1.38208	0.544563	0.0821097	0.626673	
1.46155	0.336356	1.79791	1.09763	0.295008	1.39264	0.0164219	0.133135	0.149557	0.168325	0.0950126	0.263337	1.06097	0.228441	1.28942	0.138707	0.138707	0.277413	1.20731	0.160407	1.36771	0.918749	0.117886	1.03663	0.451017	0.060116	0.511133	
1.13077	0.253954	1.38472	0.874468	0.217297	1.09177	0.0158354	0.151023	0.166859	0.176243	0.0955991	0.271842	1.04778	0.237238	1.28502	0.145451	0.331958	0.477409	1.13517	0.148091	1.28326	0.906725	0.12639	1.03312	0.435475	0.0609958	0.49647	
1.1425	0.270962	1.41346	0.953939	0.23196	1.1859	0.0173017	0.130789	0.148091	0.146331	0.0923734	0.238705	1.03957	0.228441	1.26801	0.141346	0.132842	0.274188	1.18238	0.171257	1.35364	0.919335	0.110262	1.0296	0.442806	0.061289	0.504095	
1.14866	0.26539	1.41405	0.858339	0.214658	1.073	0.0167152	0.140173	0.156888	0.16158	0.0955991	0.257179	1.16596	0.293835	1.45979	0.158354	0.131082	0.289437	1.1686	0.146624	1.31522	0.990008	0.112021	1.10203	0.420812	0.0656877	0.4865	
1.41229	0.243103	1.65539	0.887664	0.218177	1.10584	0.0149557	0.140466	0.155422	0.168325	0.0970654	0.26539	1.09382	0.247209	1.34103	0.144572	0.135188	0.279759	1.22167	0.147797	1.36947	0.975932	0.119939	1.09587	0.408789	0.0583565	0.467145	
1.14778	0.260991	1.40877	0.88004	0.212019	1.09206	0.0146624	0.303513	0.318175	0.154249	0.0970654	0.251314	1.13399	0.219643	1.35364	0.127563	0.134601	0.262164	1.14543	0.148677	1.29411	0.906139	0.131669	1.03781	0.502335	0.0583565	0.560692	
1.16977	0.239584	1.40935	0.89177	0.193837	1.08561	0.0146624	0.169205	0.183867	0.183574	0.0953059	0.27888	1.12226	0.209673	1.33194	0.153076	0.1607	0.313776	1.29968	0.1607	1.46038	0.933704	0.106743	1.04045	0.421399	0.0571835	0.478582	
1.46742	0.265977	1.73339	0.831361	0.223456	1.05482	0.0149557	0.133135	0.148091	0.182401	0.0926666	0.275067	1.07182	0.226095	1.29792	0.140466	0.131375	0.271842	1.14455	0.156302	1.30085	1.04573	0.360403	1.40613	0.423451	0.0665675	0.490019	
1.13282	0.268909	1.40173	0.85746	0.215538	1.073	0.0161287	0.280932	0.297061	0.224629	0.0958924	0.320521	1.05951	0.234599	1.29411	0.134015	0.126684	0.260698	1.1466	0.141346	1.28795	0.912884	0.106156	1.01904	0.437821	0.056597	0.494418	
1.17593	0.45219	1.62812	1.13282	0.317295	1.45012	0.0149557	0.153662	0.168618	0.165392	0.133428	0.298821	1.69703	0.292662	1.98969	0.171257	0.144572	0.315829	1.18473	0.168618	1.35334	0.946021	0.114367	1.06039	0.455709	0.0604093	0.516118	
1.10789	0.390314	1.49821	0.867723	0.217297	1.08502	0.0134894	0.141932	0.155422	0.163046	0.0929599	0.256006	1.04954	0.20938	1.25892	0.155129	0.125511	0.280639	1.13927	0.139	1.27827	0.915816	0.105863	1.02168	0.411428	0.0536645	0.465093	
1.2595	0.274188	1.53369	1.02637	0.198823	1.22519	0.0158354	0.136654	0.152489	0.326386	0.146038	0.472424	1.11552	0.229614	1.34513	0.141346	0.132548	0.273894	1.20467	0.153076	1.35774	0.927546	0.115833	1.04338	0.444859	0.0571835	0.502042	
1.13487	0.253074	1.38795	0.828135	0.215831	1.04397	0.0143692	0.176829	0.191198	0.152489	0.0900274	0.242517	1.03018	0.202048	1.23223	0.148677	0.122871	0.271548	1.12871	0.143985	1.2727	0.914057	0.105863	1.01992	0.419932	0.054251	0.474183	
1.25569	0.47389	1.72958	0.939569	0.269202	1.20877	0.0398818	0.154835	0.194717	0.174776	0.0894409	0.264217	1.04397	0.214951	1.25892	0.143105	0.158061	0.301167	1.13106	0.141346	1.27241	0.909071	0.111435	1.02051	0.429023	0.0560105	0.485034	
1.10056	0.249848	1.35041	0.838985	0.214072	1.05306	0.0146624	0.13812	0.152783	0.14985	0.0900274	0.239878	1.03781	0.207913	1.24572	0.146038	0.133721	0.279759	1.12637	0.160407	1.28678	0.906725	0.10469	1.01142	0.408496	0.054251	0.462747	
1.1035	0.239584	1.34308	0.813179	0.202928	1.01611	0.0137827	0.12815	0.141932	0.156008	0.0906139	0.246622	1.04514	0.205861	1.251	0.140173	0.128736	0.268909	1.16215	0.139	1.30115	0.925787	0.103517	1.0293	0.424331	0.0551308	0.479462	
1.25129	0.288264	1.53956	0.93781	0.212605	1.15042	0.0146624	0.141053	0.155715	0.152783	0.0873882	0.240171	1.0947	0.204101	1.2988	0.143399	0.149557	0.292956	1.14924	0.1607	1.30994	0.929012	0.104397	1.03341	0.416413	0.0548375	0.471251	
1.13839	0.227268	1.36566	0.828721	0.235479	1.0642	0.0134894	0.141346	0.154835	0.160994	0.0876814	0.248675	1.11698	0.209966	1.32695	0.147797	0.124044	0.271842	1.20379	0.139586	1.34337	0.962443	0.104983	1.06743	0.445152	0.0607025	0.505854	
1.173	0.245449	1.41844	0.843677	0.20762	1.0513	0.0149557	0.126097	0.141053	0.177416	0.0897341	0.26715	1.07065	0.233133	1.30378	0.166859	0.133135	0.299994	1.17006	0.27888	1.44894	0.973	0.122578	1.09558	0.460107	0.0695	0.529607	
1.44161	0.278293	1.7199	0.896462	0.201462	1.09792	0.0140759	0.132842	0.146918	0.170378	0.0906139	0.260991	1.09001	0.212899	1.3029	0.174776	0.13988	0.314656	1.24396	0.141639	1.3856	0.957458	0.106743	1.0642	0.485034	0.298821	0.783854	
1.51052	0.283278	1.7938	0.889424	0.216124	1.10555	0.0152489	0.138413	0.153662	0.219057	0.0917869	0.310844	1.04514	0.210553	1.25569	0.263337	0.278	0.541337	1.23135	0.158941	1.39029	1.02168	0.111728	1.13341	0.443686	0.056597	0.500283	
1.19294	0.303219	1.49616	0.895289	0.285331	1.18062	0.0164219	0.133135	0.149557	0.158648	0.0914936	0.250141	1.18678	0.245156	1.43193	0.146331	0.124631	0.270962	1.15951	0.146038	1.30554	0.916989	0.109089	1.02608	0.426677	0.0557173	0.482394	
1.18414	0.261285	1.44542	0.84573	0.191492	1.03722	0.0161287	0.140759	0.156888	0.161873	0.0891477	0.251021	1.08121	0.224922	1.30613	0.144865	0.123751	0.268616	1.13575	0.137827	1.27358	1.01493	0.11554	1.13047	0.408789	0.0548375	0.463626	
1.08121	0.242517	1.32373	0.844557	0.210553	1.05511	0.0137827	0.13724	0.151023	0.187973	0.0853354	0.273308	1.18561	0.204688	1.39029	0.147211	0.124924	0.272135	1.21933	0.166859	1.38619	0.942209	0.125511	1.06772	0.464506	0.055424	0.51993	
1.14895	0.250435	1.39938	0.82227	0.204101	1.02637	0.0140759	0.130789	0.144865	0.166272	0.0862152	0.252487	1.04397	0.202342	1.24631	0.145745	0.123165	0.268909	1.20115	0.142519	1.34367	0.986196	0.104103	1.0903	0.437527	0.0841624	0.52169	
1.19352	0.254833	1.44836	0.877694	0.218764	1.09646	0.0137827	0.0882679	0.102051	0.144278	0.0912004	0.235479	1.12725	0.224922	1.35217	0.132842	0.124044	0.256886	2.5847	0.344567	2.92926	2.12605	0.260112	2.38617	0.936637	0.125804	1.06244	
2.57971	0.558053	3.13776	1.24338	0.602626	1.846	0.0217004	0.0985316	0.120232	0.155129	0.0879747	0.243103	1.04661	0.216418	1.26302	0.154835	0.123458	0.278293	1.29117	0.150437	1.44161	0.97036	0.112608	1.08297	0.428437	0.0645147	0.492951	
1.12021	0.239878	1.36009	2.27913	0.602626	2.88176	0.0436941	0.264217	0.307911	0.442513	0.239584	0.682097	1.02989	0.237825	1.26771	0.146918	0.124631	0.271548	1.13751	0.146331	1.28384	1.09763	0.105276	1.20291	0.478875	0.060116	0.538991	
1.18443	0.251901	1.43633	0.91259	0.203515	1.11611	0.0146624	0.0885612	0.103224	0.141639	0.0826962	0.224335	1.13634	0.201462	1.3378	0.135774	0.123751	0.259525	1.17534	0.138413	1.31375	1.23546	0.105863	1.34132	0.456588	0.0551308	0.511719	
1.13722	0.227561	1.36478	0.877401	0.205861	1.08326	0.0152489	0.131082	0.146331	0.165979	0.0870949	0.253074	1.06361	0.201169	1.26478	0.143399	0.123751	0.26715	2.58118	0.341928	2.9231	1.65568	0.166272	1.82196	0.520223	0.0988249	0.619048	
1.17593	0.242517	1.41844	0.903793	0.216124	1.11992	0.0155422	0.126977	0.142519	0.537232	0.199996	0.737228	2.20523	0.275947	2.48118	0.143692	0.142519	0.286211	1.18062	0.150437	1.33106	0.963909	0.112021	1.07593	0.44955	0.0674472	0.516998	
2.01403	0.459814	2.47385	0.960976	0.24281	1.20379	0.0307911	0.348673	0.379464	0.169205	0.0991181	0.268323	1.12989	0.253954	1.38384	0.130202	0.169791	0.299994	1.44572	0.156595	1.60231	0.978571	0.119939	1.09851	0.419346	0.0744852	0.493831	
