Using Best Grid Path: true
Using Waypoints: true
Using Best Waypoint Path: true
Heuristic: Manhattan Distance


0_WaypointTraversalTime	0_GridTraversalTime	0_TotalTraversalTime	1_WaypointTraversalTime	1_GridTraversalTime	1_TotalTraversalTime	2_WaypointTraversalTime	2_GridTraversalTime	2_TotalTraversalTime	3_WaypointTraversalTime	3_GridTraversalTime	3_TotalTraversalTime	4_WaypointTraversalTime	4_GridTraversalTime	4_TotalTraversalTime	5_WaypointTraversalTime	5_GridTraversalTime	5_TotalTraversalTime	6_WaypointTraversalTime	6_GridTraversalTime	6_TotalTraversalTime	7_WaypointTraversalTime	7_GridTraversalTime	7_TotalTraversalTime	8_WaypointTraversalTime	8_GridTraversalTime	8_TotalTraversalTime	
140.557	0.280932	140.837	99.8231	0.225215	100.048	0.0202342	0.559226	0.57946	0.944555	0.260698	1.20525	63.8203	0.515825	64.3362	0.240171	0.200289	0.44046	233.193	0.460107	233.653	69.9102	0.103517	70.0138	7.43767	0.0583565	7.49603	
153.372	0.314656	153.686	96.3402	0.199409	96.5396	0.0167152	0.215245	0.23196	1.35393	0.0973586	1.45129	48.4078	0.227854	48.6356	0.267736	0.155129	0.422865	188.477	0.177416	188.655	56.1413	0.107916	56.2492	7.88839	0.0609958	7.94939	
139.492	0.295008	139.787	89.8775	0.18416	90.0617	0.0164219	0.124924	0.141346	1.22989	0.262164	1.49205	49.3462	0.223456	49.5696	0.268029	0.147211	0.41524	176.666	0.182987	176.849	59.0134	0.108502	59.1219	7.51421	0.0630485	7.57726	
139.182	0.628432	139.81	78.1335	0.174483	78.308	0.0158354	0.143105	0.158941	0.49735	0.0950126	0.592363	54.49	0.945434	55.4355	0.426384	0.192958	0.619342	162.745	0.177416	162.923	61.9723	0.18416	62.1564	13.7654	0.106449	13.8718	
160.888	0.540751	161.429	99.5395	0.180935	99.7204	0.0155422	0.0917869	0.107329	0.492365	0.104397	0.596761	47.9128	0.245743	48.1585	0.278586	0.142519	0.421105	150.197	0.173603	150.371	64.4148	0.108209	64.523	19.4371	0.106449	19.5436	
140.322	0.27624	140.598	91.7341	0.210846	91.945	0.0155422	0.0923734	0.107916	1.47592	0.355124	1.83105	47.5614	0.24281	47.8043	0.238998	0.163046	0.402044	156.863	0.182401	157.045	100.337	0.125217	100.462	8.92239	0.0736055	8.996	
156.425	0.821683	157.247	90.0523	0.202928	90.2553	0.0181814	0.114954	0.133135	0.824909	0.126684	0.951593	49.5022	0.225215	49.7274	0.289143	0.150143	0.439287	164.652	0.165979	164.818	55.7446	0.120819	55.8654	7.41626	0.220523	7.63679	
150.001	0.284451	150.286	78.9834	0.181521	79.1649	0.0161287	0.109382	0.125511	0.54339	0.0991181	0.642508	85.1389	0.657757	85.7967	0.872122	0.385036	1.25716	166.294	0.168911	166.463	66.8238	0.112901	66.9367	7.5667	0.0653945	7.63209	
148.109	0.816991	148.926	99.1272	0.223749	99.351	0.0219937	0.124631	0.146624	0.543977	0.0923734	0.63635	48.2122	0.243397	48.4556	0.27888	0.13988	0.418759	143.524	0.157768	143.681	55.1947	0.158061	55.3528	10.1751	0.102344	10.2775	
170.496	0.299407	170.795	88.5353	0.183281	88.7186	0.0158354	0.124338	0.140173	0.602626	0.122285	0.724911	67.3692	0.650133	68.0194	0.870949	0.424331	1.29528	172.438	0.167445	172.605	56.8023	0.110555	56.9129	7.46406	0.0621688	7.52623	
137.455	0.378878	137.834	81.7631	0.205274	81.9683	0.0167152	0.0976519	0.114367	0.479462	0.105276	0.584738	59.5932	0.225215	59.8184	0.280346	0.126977	0.407323	210.267	0.207327	210.475	61.5427	0.112314	61.655	7.4453	0.0747785	7.52007	
159.059	0.303513	159.363	100.106	0.186506	100.292	0.0158354	0.24281	0.258645	1.39469	0.261578	1.65627	64.4218	0.2302	64.652	0.260405	0.206447	0.466852	150.553	0.173017	150.726	73.689	0.113781	73.8028	7.43151	0.060116	7.49163	
159.373	0.309378	159.683	92.2977	0.203515	92.5012	0.0240464	0.168325	0.192371	0.504681	0.102344	0.607025	48.4221	0.273601	48.6957	0.255713	0.179468	0.435181	172.345	0.171257	172.516	53.9337	0.10381	54.0376	8.10481	0.0621688	8.16698	
134.248	0.294129	134.542	89.7928	0.184747	89.9775	0.0161287	0.135188	0.151316	0.54251	0.0938396	0.63635	55.0413	0.224335	55.2657	0.235772	0.196477	0.432249	155.142	0.177709	155.32	57.407	0.153956	57.5609	7.50043	0.0627553	7.56318	
194.893	0.285038	195.178	78.3197	0.712008	79.0317	0.0167152	0.122578	0.139293	0.475356	0.336356	0.811713	59.0999	0.224922	59.3248	0.241637	0.201169	0.442806	197.04	0.161873	197.202	52.1555	0.101757	52.2572	9.68601	0.160994	9.847	
170.9	0.302926	171.203	92.7402	0.51905	93.2593	0.0475063	0.282105	0.329612	1.85421	0.10381	1.95802	93.3247	0.249555	93.5742	0.257179	0.160114	0.417293	166.042	0.17243	166.214	71.9263	0.108502	72.0348	7.12771	0.0551308	7.18284	
201.746	0.297061	202.043	81.7282	0.200875	81.929	0.0178882	0.0985316	0.11642	0.494711	0.171551	0.666261	87.5113	0.228441	87.7398	0.260991	0.536059	0.79705	199.599	0.170378	199.769	70.6539	0.101171	70.7551	7.1063	0.054251	7.16055	
197.319	0.296475	197.615	117.769	0.182694	117.952	0.0495591	0.296181	0.34574	0.521103	0.103517	0.62462	47.7582	0.275947	48.0342	0.319055	0.131962	0.451017	164.448	0.158941	164.607	51.9165	0.0964789	52.013	7.24031	0.0571835	7.2975	
200.985	0.282692	201.268	88.4201	0.180641	88.6007	0.0158354	0.0920801	0.107916	0.507027	0.0979451	0.604972	59.8993	0.22023	60.1195	0.259232	0.155129	0.414361	184.449	0.158061	184.607	68.3792	0.102344	68.4815	7.54207	0.0595295	7.6016	
170.196	0.314363	170.51	124.703	0.242224	124.945	0.0237532	0.181521	0.205274	0.647493	0.11466	0.762154	60.3398	0.24457	60.5843	0.307618	0.131082	0.4387	203.484	0.166272	203.65	93.3417	0.136361	93.4781	18.2028	0.105863	18.3087	
198.885	0.31407	199.199	81.973	0.198236	82.1713	0.0158354	0.0999979	0.115833	0.490312	0.110262	0.600574	59.0193	0.351899	59.3712	0.267736	0.175656	0.443392	173.369	0.175656	173.544	65.6185	0.113781	65.7323	7.65028	0.071846	7.72212	
194.035	0.47477	194.509	87.6987	0.178295	87.877	0.0334304	0.0988249	0.132255	0.491485	0.1868	0.678285	47.9799	0.250728	48.2306	0.27888	0.149264	0.428143	184.447	0.158941	184.606	53.5091	0.105863	53.615	7.13768	0.0539578	7.19163	
171.472	0.888251	172.36	91.7538	0.183574	91.9373	0.0155422	0.133135	0.148677	0.503802	0.0873882	0.59119	50.415	0.240171	50.6552	0.238118	0.188559	0.426677	174.732	0.166859	174.899	53.0933	0.101464	53.1948	7.48371	0.0560105	7.53972	
175.869	0.278	176.147	89.3699	0.19765	89.5676	0.0181814	0.10557	0.123751	0.839571	0.535766	1.37534	62.9863	0.663622	63.65	0.718166	0.367441	1.08561	213.572	0.450137	214.022	94.2692	0.107916	94.3772	8.43648	0.0621688	8.49865	
184.163	0.276827	184.44	97.7668	0.202635	97.9695	0.0489726	0.254833	0.303806	0.696173	0.151316	0.847489	60.187	0.228148	60.4151	0.29061	0.129909	0.420519	183.171	0.155422	183.326	53.2862	0.10381	53.3901	17.2512	0.064808	17.3161	
186.717	0.41612	187.133	89.6629	0.19501	89.8579	0.0173017	0.133428	0.15073	0.534886	0.0947194	0.629605	49.1517	0.24281	49.3945	0.629312	0.161873	0.791185	202.509	0.171844	202.681	76.4262	0.111728	76.538	7.7189	0.0630485	7.78194	
157.154	0.308498	157.462	87.5606	0.482394	88.043	0.0155422	0.0917869	0.107329	0.533126	0.10293	0.636057	80.8118	0.222869	81.0346	0.787666	0.368614	1.15628	168.945	0.158648	169.104	53.0857	0.119352	53.205	7.27844	0.0545443	7.33298	
206.446	0.4865	206.932	110.797	0.520517	111.318	0.0431076	0.355418	0.398525	1.13722	0.239878	1.3771	89.8884	0.480928	90.3693	0.780922	0.436648	1.21757	168.657	0.174776	168.832	69.3862	0.113194	69.4994	7.52125	0.221403	7.74265	
165.737	0.399112	166.136	97.3721	0.196183	97.5683	0.0175949	0.102637	0.120232	0.502922	0.330491	0.833413	50.4916	0.256299	50.7479	0.301753	0.13988	0.441633	175.581	0.368614	175.95	76.9544	0.104397	77.0588	7.23386	0.0539578	7.28782	
141.706	0.275361	141.982	121.827	0.190025	122.017	0.0149557	0.0914936	0.106449	0.501162	0.0920801	0.593242	47.5761	0.229614	47.8057	0.258059	0.224922	0.482981	193.85	0.174776	194.025	55.0399	0.109382	55.1493	9.41299	0.064808	9.4778	
137.129	0.27624	137.405	97.7187	0.365681	98.0844	0.0325506	0.116713	0.149264	0.617875	0.254247	0.872122	48.7078	0.224335	48.9321	0.285624	0.143692	0.429316	156.074	0.1607	156.235	87.7198	0.109675	87.8295	7.50482	0.0598228	7.56465	
146.438	0.280639	146.718	77.1274	0.179468	77.3068	0.0146624	0.0900274	0.10469	0.495004	0.151316	0.64632	86.9351	0.64632	87.5814	0.817578	0.428437	1.24601	168.944	0.173897	169.118	80.5566	0.110262	80.6669	11.0766	0.0882679	11.1649	
136.76	0.279173	137.039	78.2514	0.17331	78.4247	0.0214072	0.0964789	0.117886	0.47301	0.0932531	0.566264	62.8004	0.240757	63.0412	0.280346	0.146331	0.426677	165.962	0.186213	166.148	58.7119	0.109382	58.8213	10.193	0.0838692	10.2769	
143.474	0.294129	143.768	119.821	0.181814	120.003	0.0155422	0.11466	0.130202	0.482101	0.135481	0.617582	79.7769	0.649839	80.4267	1.21552	0.401751	1.61727	232.757	0.282985	233.04	55.8841	0.101171	55.9853	7.26407	0.0586498	7.32272	
143.053	0.281519	143.335	153.242	0.598521	153.84	0.0460401	0.271842	0.317882	1.87415	0.408789	2.28294	68.1182	0.225802	68.344	0.252194	0.182694	0.434888	186.175	0.170084	186.346	73.2585	0.107329	73.3659	7.54881	0.0595295	7.60834	
200.14	0.332251	200.472	115.563	0.209673	115.772	0.0363629	0.260991	0.297354	1.36097	0.282399	1.64337	56.853	0.254247	57.1073	0.330785	0.143692	0.474477	151.633	0.180935	151.813	54.5367	0.187386	54.724	7.64207	0.35923	8.00129	
236.925	0.327852	237.253	87.5195	0.448377	87.9679	0.0181814	0.142226	0.160407	0.557759	0.0985316	0.656291	50.4866	0.250728	50.7373	0.368027	0.190025	0.558053	186.103	0.219937	186.323	69.1114	0.123458	69.2349	7.51157	0.0686202	7.58019	
159.92	0.314363	160.234	88.8717	0.206154	89.0779	0.0167152	0.154835	0.171551	0.585911	0.100291	0.686202	55.0783	0.271842	55.3501	0.295595	0.138707	0.434302	178.247	0.18504	178.432	56.819	0.115247	56.9343	7.57638	0.0633418	7.63972	
168.797	0.324333	169.122	99.7495	0.203515	99.953	0.0173017	0.237532	0.254833	0.696173	0.101464	0.797637	56.9618	0.260405	57.2222	0.321694	0.139293	0.460987	198.439	0.685323	199.125	57.5061	0.114367	57.6205	7.96259	0.063635	8.02622	
181.073	0.332251	181.406	80.454	0.198236	80.6522	0.0234599	0.113487	0.136947	0.479169	0.0999979	0.579166	64.8244	0.253367	65.0778	0.258939	0.200875	0.459814	138.775	0.168032	138.943	62.5535	0.108795	62.6623	8.3268	0.0665675	8.39337	
189.838	0.310257	190.148	80.5144	0.200875	80.7153	0.0170084	0.153956	0.170964	0.486793	0.0970654	0.583858	56.2525	0.247209	56.4997	0.277707	0.134308	0.412015	144.856	0.468905	145.325	53.066	0.102637	53.1687	7.44442	0.0568903	7.50131	
148.819	0.295302	149.114	89.1567	0.204394	89.3611	0.0272721	0.180641	0.207913	0.515238	0.20674	0.721979	63.3359	0.642508	63.9784	0.371546	0.139293	0.51084	148.997	0.360696	149.358	56.4143	0.120525	56.5349	7.31304	0.0574768	7.37052	
170.208	0.349259	170.557	90.3599	0.205567	90.5655	0.0170084	0.103224	0.120232	0.495884	0.329905	0.825789	57.1677	0.665675	57.8334	0.387968	0.163926	0.551894	157.177	0.159527	157.337	64.0227	0.106156	64.1288	7.1541	0.0560105	7.21011	
205.46	0.470664	205.93	97.2466	0.534886	97.7815	0.0170084	0.100584	0.117593	0.52081	0.338702	0.859512	71.3401	0.246036	71.5862	0.296475	0.13812	0.434595	190.653	0.175656	190.829	53.1006	0.107329	53.208	18.3383	0.159527	18.4978	
176.426	0.311137	176.738	91.1995	0.180348	91.3799	0.0158354	0.0932531	0.109089	0.526382	0.10381	0.630192	82.3897	0.253074	82.6428	0.279759	0.151903	0.431662	167.536	0.549842	168.086	68.9589	0.122285	69.0812	7.54265	0.065981	7.60863	
143.851	0.326972	144.178	79.7385	0.179175	79.9176	0.0158354	0.0929599	0.108795	0.479462	0.154542	0.634004	58.3542	0.245449	58.5996	0.271255	0.165979	0.437234	195.627	0.164513	195.792	62.0655	0.11466	62.1802	7.56142	0.0656877	7.62711	
138.966	0.280346	139.247	97.2481	0.190905	97.439	0.0155422	0.0944261	0.109968	0.540751	0.0950126	0.635764	48.4447	0.246036	48.6907	0.445152	0.379171	0.824323	175.917	0.529607	176.447	71.9879	0.113487	72.1014	7.78664	0.0662742	7.85291	
178.237	0.313776	178.551	93.422	0.204394	93.6264	0.0178882	0.144572	0.16246	0.526968	0.0997046	0.626673	50.0464	0.246329	50.2928	0.285331	0.134308	0.419639	148.941	0.178882	149.12	59.8242	0.130202	59.9544	7.75878	0.0656877	7.82447	
191.746	0.349553	192.095	136.259	0.206154	136.465	0.0343101	0.151316	0.185627	1.50349	0.266856	1.77034	70.1507	0.25454	70.4052	0.301167	0.136654	0.437821	180.651	0.179468	180.831	54.7742	0.113781	54.888	7.69866	0.0618755	7.76054	
200.441	0.309378	200.75	127.837	0.20762	128.044	0.0164219	0.141346	0.157768	0.532247	0.107329	0.639576	57.9894	0.256593	58.246	0.285918	0.144865	0.430783	153.784	0.179762	153.964	56.1648	0.217004	56.3818	7.58459	0.0630485	7.64764	
226.792	0.321401	227.113	155.952	0.44134	156.393	0.0551308	0.305272	0.360403	0.545736	0.137827	0.683563	50.9491	0.263337	51.2124	0.270082	0.183867	0.453949	224.78	0.263631	225.044	78.6614	0.117006	78.7784	7.6538	0.064808	7.7186	
188.083	0.319641	188.402	87.4421	0.385329	87.8274	0.0304979	0.26715	0.297648	0.490312	0.104103	0.594415	59.5817	0.392367	59.9741	0.442219	0.210259	0.652479	176.477	0.181228	176.659	81.3156	0.115833	81.4314	9.2564	0.065981	9.32238	
156.673	0.32228	156.995	123.095	0.205567	123.301	0.0164219	0.132548	0.14897	0.538991	0.101171	0.640162	51.4787	0.261285	51.7399	0.306445	0.181228	0.487673	145.254	0.17331	145.427	84.075	0.126684	84.2017	8.33794	0.0712595	8.4092	
150.991	0.317589	151.309	91.3854	0.200289	91.5857	0.0184747	0.477702	0.496177	0.509667	0.108795	0.618462	98.3894	0.289437	98.6788	0.248675	0.18504	0.433715	172.483	0.160994	172.644	75.4409	0.114367	75.5553	7.53327	0.0645147	7.59778	
133.77	0.307032	134.077	102.757	0.194424	102.951	0.0152489	0.0994114	0.11466	0.568023	0.134015	0.702038	47.3843	0.228441	47.6128	0.239291	0.193544	0.432835	156.478	0.190905	156.669	69.5149	0.103224	69.6182	7.15234	0.0568903	7.20923	
169.697	0.520223	170.217	96.412	0.187093	96.5991	0.0167152	0.0991181	0.115833	0.534006	0.0991181	0.633124	64.8945	0.234306	65.1288	0.294715	0.131962	0.426677	176.224	0.297061	176.521	59.604	0.109089	59.7131	9.41857	0.0609958	9.47956	
154.761	0.617582	155.378	92.0969	0.190025	92.2869	0.0331371	0.128443	0.16158	0.521983	0.0973586	0.619342	52.4156	0.372426	52.788	0.295595	0.239584	0.535179	181.539	0.164219	181.703	56.4668	0.126097	56.5929	13.2302	0.061289	13.2915	
162.239	0.468612	162.708	84.0123	0.184454	84.1967	0.0181814	0.102051	0.120232	0.825202	0.775643	1.60085	64.8268	0.251901	65.0787	0.353951	0.133721	0.487673	187.616	0.529314	188.145	58.1944	0.10381	58.2982	8.13678	0.0621688	8.19894	
160.102	0.621101	160.724	82.8437	0.252194	83.0959	0.0152489	0.17243	0.187679	0.528141	0.0903206	0.618462	47.2641	0.246329	47.5104	0.341928	0.188559	0.530487	165.992	0.162753	166.155	79.1071	0.327266	79.4344	9.33499	0.0621688	9.39716	
162.102	0.305272	162.408	133.6	0.202048	133.802	0.0249262	0.115833	0.140759	0.48738	0.134894	0.622274	59.5371	0.252487	59.7896	0.585325	0.263044	0.848369	139.344	0.162167	139.506	53.2138	0.104983	53.3188	8.26199	0.0797637	8.34176	
151.851	0.287677	152.139	86.4181	0.187093	86.6052	0.0146624	0.0944261	0.109089	0.504095	0.140173	0.644268	77.4998	0.283865	77.7837	0.375065	0.216711	0.591776	167.132	0.160407	167.293	60.1665	0.113781	60.2802	7.98546	0.060116	8.04558	
176.192	0.286797	176.479	98.8897	0.239878	99.1295	0.0260991	0.103517	0.129616	0.524329	0.10293	0.627259	57.4774	0.260112	57.7375	0.302633	0.145745	0.448377	176.734	0.285038	177.019	56.2959	0.0979451	56.3938	7.31245	0.0583565	7.37081	
157.341	0.338702	157.679	84.887	0.204101	85.0911	0.0164219	0.188266	0.204688	1.09001	0.215245	1.30525	61.833	0.260698	62.0937	0.262458	0.193251	0.455709	163.558	0.199116	163.757	74.2377	0.104397	74.3421	7.30336	0.0715527	7.37492	
194.043	0.286504	194.329	103.602	0.191492	103.794	0.0164219	0.0982384	0.11466	0.571542	0.742506	1.31405	67.2423	0.750424	67.9927	0.512012	0.242517	0.754529	184.043	0.168618	184.212	62.9723	0.102051	63.0743	7.35732	0.0571835	7.4145	
171.578	0.28973	171.868	89.9485	0.185333	90.1338	0.0152489	0.140173	0.155422	1.1947	0.268029	1.46273	69.017	0.231373	69.2484	0.504681	0.132842	0.637523	155.879	0.451603	156.331	67.8044	0.104397	67.9088	7.34412	0.060116	7.40424	
185.526	0.285038	185.811	77.2652	0.183281	77.4485	0.0155422	0.108502	0.124044	0.498816	0.126977	0.625793	53.9499	0.232253	54.1821	0.390314	0.205274	0.595588	147.748	0.162167	147.91	55.5378	0.165099	55.7029	7.14882	0.05777	7.20659	
154.335	0.309378	154.644	79.8385	0.189439	80.0279	0.0425211	0.14985	0.192371	0.492658	0.150143	0.642801	47.1483	0.248089	47.3963	0.248968	0.247209	0.496177	153.179	0.234892	153.414	70.3595	0.114367	70.4739	10.2103	0.107916	10.3183	
177.765	0.316416	178.082	93.2707	0.185333	93.4561	0.0158354	0.0941329	0.109968	0.477996	0.16246	0.640455	98.139	0.236065	98.375	0.532247	0.537818	1.07007	156.425	0.164513	156.59	51.4417	0.0997046	51.5414	7.47345	0.0615823	7.53503	
188.774	0.287384	189.061	137.852	0.26715	138.119	0.0313776	0.13724	0.168618	0.761567	0.133135	0.894702	91.5036	0.252781	91.7564	0.339289	0.160114	0.499403	208.189	0.178882	208.368	59.0298	0.114367	59.1442	7.53415	0.0642215	7.59837	
156.466	0.341048	156.807	89.8814	0.207913	90.0893	0.0196477	0.10469	0.124338	0.504681	0.107622	0.612304	61.8321	0.253367	62.0855	0.626966	0.375359	1.00232	182.272	0.18416	182.456	54.9698	0.118766	55.0886	7.52095	0.062462	7.58342	
192.722	0.319348	193.041	100.664	0.205861	100.87	0.0170084	0.215831	0.23284	1.18854	0.243103	1.43164	59.9277	0.298234	60.226	0.719046	0.388848	1.10789	174.39	0.180935	174.571	55.0082	0.108209	55.1164	7.59163	0.0615823	7.65321	
153.235	0.284158	153.52	140.635	0.185627	140.82	0.0167152	0.0988249	0.11554	0.487673	0.0985316	0.586204	55.856	0.304099	56.1601	0.442513	0.273894	0.716407	175.498	0.166859	175.665	66.0036	0.103517	66.1071	7.42359	0.05777	7.48136	
222.809	0.441046	223.25	108.166	0.187973	108.354	0.0173017	0.107622	0.124924	0.525502	0.0955991	0.621101	47.5626	0.263631	47.8262	0.285038	0.134015	0.419053	168.431	0.161873	168.593	51.2922	0.103224	51.3954	7.3582	0.0560105	7.41421	
170.694	0.31143	171.006	98.7257	0.210553	98.9363	0.0161287	0.150143	0.166272	0.584445	0.119939	0.704384	47.6415	0.227268	47.8688	0.295595	0.245156	0.540751	148.929	0.162753	149.092	54.4167	0.109675	54.5264	7.1104	0.0551308	7.16554	
148.358	0.291489	148.649	86.3571	0.206154	86.5632	0.0178882	0.130789	0.148677	0.502922	0.100584	0.603506	49.1259	0.2302	49.3561	0.305859	0.132255	0.438114	178.55	0.16334	178.713	52.1103	0.104397	52.2147	13.7443	0.169498	13.9138	
158.387	0.282985	158.67	115.227	0.199116	115.426	0.0199409	0.134308	0.154249	0.501162	0.0973586	0.598521	47.6348	0.232546	47.8673	0.243103	0.171844	0.414947	191.199	0.161873	191.361	52.1798	0.111435	52.2913	15.6096	0.0609958	15.6706	
156.583	0.447498	157.03	99.8099	0.223162	100.033	0.0167152	0.146038	0.162753	0.526968	0.0961856	0.623154	53.4082	0.65805	54.0663	0.86743	0.407323	1.27475	141.866	0.163046	142.029	54.273	0.120232	54.3933	7.41128	0.0604093	7.47169	
151.359	0.305272	151.664	92.4933	0.202342	92.6957	0.0175949	0.145745	0.16334	0.490019	0.0997046	0.589723	50.6083	0.236945	50.8452	0.280932	0.13724	0.418173	153.854	0.161873	154.016	58.4685	0.105863	58.5744	7.02331	0.0560105	7.07932	
133.4	0.283572	133.684	99.4958	0.200289	99.6961	0.0178882	0.171551	0.189439	0.53254	0.0994114	0.631951	50.0576	0.251901	50.3095	0.283278	0.134601	0.41788	185.805	0.162167	185.967	51.2276	0.0982384	51.3259	7.26026	0.0586498	7.3189	
163.374	0.286797	163.66	89.3518	0.204981	89.5567	0.0187679	0.158648	0.177416	0.507614	0.0994114	0.607025	51.7936	0.234306	52.0279	0.296768	0.131082	0.42785	170.34	0.165686	170.506	66.6842	0.29061	66.9748	11.8226	0.0630485	11.8857	
147.685	0.304099	147.99	110.849	0.204688	111.054	0.0175949	0.143692	0.161287	0.532247	0.101757	0.634004	53.5352	0.250435	53.7857	0.342808	0.129909	0.472717	197.288	0.187093	197.475	97.9278	0.118473	98.0463	7.8362	0.0645147	7.90071	
166.936	0.310257	167.246	96.7141	0.19765	96.9117	0.0167152	0.107036	0.123751	1.44454	0.592069	2.03661	78.0194	0.259818	78.2793	0.385622	0.143985	0.529607	138.347	0.182401	138.53	79.1848	0.260991	79.4458	9.83821	0.0621688	9.90037	
164.394	0.31407	164.708	97.7985	0.184454	97.9829	0.0152489	0.0932531	0.108502	0.473597	0.192958	0.666555	49.9186	0.445738	50.3643	0.398232	0.160994	0.559226	155.608	0.346913	155.954	84.6111	0.113781	84.7249	7.46788	0.063635	7.53151	
168.408	0.310844	168.719	87.3319	0.193251	87.5251	0.0275654	0.153662	0.181228	0.501456	0.0985316	0.599987	69.3607	0.286797	69.6475	0.321987	0.180055	0.502042	142.134	0.178002	142.312	59.9172	0.112608	60.0298	7.67491	0.0615823	7.73649	
148.833	0.307325	149.141	98.968	0.187386	99.1554	0.0173017	0.140173	0.157475	0.501162	0.0976519	0.598814	48.845	0.223456	49.0685	0.482981	0.131082	0.614063	157.35	0.177122	157.527	54.2337	0.140466	54.3742	7.51773	0.056597	7.57432	
185.743	0.387675	186.131	86.1721	0.189146	86.3612	0.0181814	0.216418	0.234599	1.45422	0.337236	1.79146	71.0873	0.264217	71.3516	0.316416	0.149264	0.465679	179.773	0.183281	179.956	108.304	0.103517	108.408	7.32037	0.0586498	7.37902	
156.08	0.528728	156.608	87.8459	0.188266	88.0342	0.0149557	0.428437	0.443392	0.664502	0.0917869	0.756289	69.7331	0.253074	69.9862	1.2205	0.404097	1.6246	206.967	0.163046	207.13	52.5566	0.0999979	52.6566	7.25879	0.0586498	7.31744	
178.521	0.286211	178.807	92.2411	0.188559	92.4297	0.0299114	0.0999979	0.129909	0.512892	0.137827	0.650719	51.3907	0.707023	52.0977	0.802915	0.397352	1.20027	174.885	0.164806	175.05	51.3529	0.100291	51.4532	21.3553	0.164513	21.5198	
157.857	0.324333	158.182	77.9414	0.180348	78.1218	0.0149557	0.0929599	0.107916	0.514652	0.152783	0.667434	59.1369	0.235186	59.372	0.28797	0.181228	0.469198	161.742	0.163633	161.906	59.1518	0.104983	59.2568	7.26113	0.0615823	7.32272	
134.039	0.285624	134.325	98.0404	0.199996	98.2404	0.0164219	0.145745	0.162167	0.814059	0.17331	0.987369	64.9581	0.227268	65.1854	0.553067	0.395886	0.948953	184.704	0.468025	185.172	71.8339	0.526968	72.3609	7.24149	0.0598228	7.30131	
148.155	0.314656	148.47	98.0076	0.189439	98.197	0.0343101	0.0999979	0.134308	0.514652	0.141932	0.656584	49.0318	0.249262	49.2811	0.283572	0.180055	0.463626	162.727	0.187679	162.915	52.4581	0.125217	52.5833	7.16143	0.0571835	7.21861	
159.51	0.366854	159.877	80.6194	0.19589	80.8153	0.0178882	0.0994114	0.1173	0.539578	0.152783	0.692361	64.1356	0.409962	64.5455	0.772417	0.402924	1.17534	166.808	0.169498	166.977	53.7912	0.109968	53.9012	7.52594	0.0607025	7.58664	
165.922	0.326093	166.248	78.103	0.18416	78.2872	0.0146624	0.0950126	0.109675	0.491778	0.133721	0.6255	73.2195	0.272721	73.4923	0.54251	0.16246	0.70497	190.126	0.162753	190.289	55.3079	0.112901	55.4208	7.30336	0.0615823	7.36494	
137.763	0.316122	138.079	97.7093	0.18592	97.8953	0.0155422	0.0950126	0.110555	0.48738	0.11554	0.60292	47.8113	0.451896	48.2632	0.640162	0.323453	0.963616	181.876	0.161873	182.038	53.5959	0.108795	53.7047	7.55233	0.13812	7.69045	
167.391	0.299407	167.691	91.3511	0.199996	91.5511	0.0152489	0.158061	0.17331	0.788253	0.170964	0.959217	51.1335	0.231373	51.3649	0.303806	0.154542	0.458348	171.75	0.162167	171.912	52.791	0.102344	52.8933	7.15087	0.058943	7.20982	
156.815	0.327266	157.142	114.813	0.25454	115.068	0.0178882	0.18416	0.202048	0.597641	0.0976519	0.695293	55.0569	0.270962	55.3278	0.288264	0.17331	0.461574	154.537	0.198823	154.736	58.1999	0.2085	58.4084	14.0859	0.067154	14.1531	
241.253	0.407909	241.661	108.898	0.281812	109.18	0.0234599	0.190319	0.213778	1.54102	0.270375	1.8114	68.2865	0.259525	68.546	0.299994	0.144278	0.444272	157.726	0.181521	157.907	54.739	0.215245	54.9542	7.54353	0.062462	7.606	
182.181	0.324626	182.505	83.1463	0.205861	83.3522	0.0202342	0.124044	0.144278	0.541631	0.10381	0.645441	67.249	0.258352	67.5074	0.321987	0.141346	0.463333	150.718	0.192078	150.91	57.3384	0.115247	57.4536	7.49779	0.0627553	7.56054	
161.491	0.343394	161.834	81.0296	0.181228	81.2109	0.0146624	0.0926666	0.107329	0.476823	0.136361	0.613183	66.4	0.456295	66.8563	0.670953	0.345447	1.0164	173.156	0.175363	173.331	56.5434	0.106156	56.6495	7.95232	0.0592363	8.01156	
167.009	0.288557	167.298	122.848	0.187679	123.036	0.0167152	0.143105	0.159821	0.529021	0.100584	0.629605	49.6596	0.25366	49.9133	0.310551	0.134601	0.445152	140.189	0.161873	140.351	67.8801	0.105863	67.9859	8.65729	0.0604093	8.7177	
145.312	0.284745	145.597	124.782	0.315536	125.097	0.0275654	0.248968	0.276534	0.777403	0.163633	0.941036	51.8485	0.234306	52.0828	0.290023	0.141932	0.431956	164.363	0.16334	164.526	59.76	0.120232	59.8802	7.4755	0.0979451	7.57344	
