Using Best Grid Path: false
Using Waypoints: false
Using Best Waypoint Path: false
Heuristic: Pure Distance


0_WaypointTraversalTime	0_GridTraversalTime	0_TotalTraversalTime	1_WaypointTraversalTime	1_GridTraversalTime	1_TotalTraversalTime	2_WaypointTraversalTime	2_GridTraversalTime	2_TotalTraversalTime	3_WaypointTraversalTime	3_GridTraversalTime	3_TotalTraversalTime	4_WaypointTraversalTime	4_GridTraversalTime	4_TotalTraversalTime	5_WaypointTraversalTime	5_GridTraversalTime	5_TotalTraversalTime	6_WaypointTraversalTime	6_GridTraversalTime	6_TotalTraversalTime	7_WaypointTraversalTime	7_GridTraversalTime	7_TotalTraversalTime	8_WaypointTraversalTime	8_GridTraversalTime	8_TotalTraversalTime	
0	1.44484	1.44484	0	0.266563	0.266563	0	0.0888544	0.0888544	0	0.0882679	0.0882679	0	0.783854	0.783854	0	0.133721	0.133721	0	0.678285	0.678285	0	0.219057	0.219057	0	0.0387088	0.0387088	
0	1.5419	1.5419	0	0.294129	0.294129	0	0.0885612	0.0885612	0	0.0970654	0.0970654	0	0.773297	0.773297	0	0.147504	0.147504	0	0.671247	0.671247	0	0.227561	0.227561	0	0.0627553	0.0627553	
0	1.50965	1.50965	0	0.258059	0.258059	0	0.111728	0.111728	0	0.100291	0.100291	0	0.424918	0.424918	0	0.148384	0.148384	0	0.692361	0.692361	0	0.217004	0.217004	0	0.0586498	0.0586498	
0	1.86682	1.86682	0	0.272135	0.272135	0	0.12815	0.12815	0	0.0715527	0.0715527	0	0.904673	0.904673	0	0.155715	0.155715	0	0.645441	0.645441	0	0.233719	0.233719	0	0.0296181	0.0296181	
0	1.61756	1.61756	0	0.255713	0.255713	0	0.231667	0.231667	0	0.075365	0.075365	0	0.400285	0.400285	0	0.16334	0.16334	0	0.82227	0.82227	0	0.456295	0.456295	0	0.0302046	0.0302046	
0	1.51962	1.51962	0	0.263924	0.263924	0	0.107329	0.107329	0	0.0803502	0.0803502	0	0.420519	0.420519	0	0.211432	0.211432	0	0.627553	0.627553	0	0.216711	0.216711	0	0.0381224	0.0381224	
0	1.49088	1.49088	0	0.263337	0.263337	0	0.0824029	0.0824029	0	0.064808	0.064808	0	0.459521	0.459521	0	0.125511	0.125511	0	0.772124	0.772124	0	0.237238	0.237238	0	0.0263924	0.0263924	
0	1.49205	1.49205	0	0.260112	0.260112	0	0.147504	0.147504	0	0.0604093	0.0604093	0	0.384156	0.384156	0	0.103224	0.103224	0	0.666848	0.666848	0	0.225215	0.225215	0	0.0299114	0.0299114	
0	1.41639	1.41639	0	0.263044	0.263044	0	0.0979451	0.0979451	0	0.061289	0.061289	0	0.407909	0.407909	0	0.167445	0.167445	0	0.619342	0.619342	0	0.22023	0.22023	0	0.0260991	0.0260991	
0	1.48179	1.48179	0	0.26715	0.26715	0	0.0982384	0.0982384	0	0.0604093	0.0604093	0	0.418173	0.418173	0	0.136654	0.136654	0	0.626673	0.626673	0	0.217591	0.217591	0	0.0260991	0.0260991	
0	1.48237	1.48237	0	0.264217	0.264217	0	0.129616	0.129616	0	0.0712595	0.0712595	0	0.371546	0.371546	0	0.139293	0.139293	0	0.625207	0.625207	0	0.210259	0.210259	0	0.0275654	0.0275654	
0	1.44982	1.44982	0	0.290903	0.290903	0	0.128443	0.128443	0	0.0595295	0.0595295	0	0.375652	0.375652	0	0.143985	0.143985	0	0.623154	0.623154	0	0.207913	0.207913	0	0.0281519	0.0281519	
0	1.42578	1.42578	0	0.263631	0.263631	0	0.100291	0.100291	0	0.0782974	0.0782974	0	0.378291	0.378291	0	0.139586	0.139586	0	0.627259	0.627259	0	0.209673	0.209673	0	0.0249262	0.0249262	
0	1.55774	1.55774	0	0.25454	0.25454	0	0.105863	0.105863	0	0.0642215	0.0642215	0	0.372133	0.372133	0	0.131082	0.131082	0	0.612304	0.612304	0	0.202048	0.202048	0	0.0260991	0.0260991	
0	1.45686	1.45686	0	0.280932	0.280932	0	0.103224	0.103224	0	0.0633418	0.0633418	0	0.370667	0.370667	0	0.136361	0.136361	0	0.617875	0.617875	0	0.209673	0.209673	0	0.0269789	0.0269789	
0	1.46273	1.46273	0	0.258645	0.258645	0	0.10469	0.10469	0	0.0633418	0.0633418	0	0.363922	0.363922	0	0.135188	0.135188	0	0.604679	0.604679	0	0.201462	0.201462	0	0.0378291	0.0378291	
0	1.47797	1.47797	0	0.281226	0.281226	0	0.119352	0.119352	0	0.0826962	0.0826962	0	0.395006	0.395006	0	0.178002	0.178002	0	0.621981	0.621981	0	0.213485	0.213485	0	0.0275654	0.0275654	
0	2.25684	2.25684	0	0.282105	0.282105	0	0.179762	0.179762	0	0.0733122	0.0733122	0	0.406736	0.406736	0	0.134894	0.134894	0	0.646614	0.646614	0	0.222283	0.222283	0	0.0302046	0.0302046	
0	1.46624	1.46624	0	0.440167	0.440167	0	0.121698	0.121698	0	0.074192	0.074192	0	0.416707	0.416707	0	0.141639	0.141639	0	0.629899	0.629899	0	0.223162	0.223162	0	0.0296181	0.0296181	
0	1.49528	1.49528	0	0.272428	0.272428	0	0.113781	0.113781	0	0.0926666	0.0926666	0	0.387382	0.387382	0	0.153076	0.153076	0	0.663622	0.663622	0	0.251608	0.251608	0	0.0299114	0.0299114	
0	1.52196	1.52196	0	0.271255	0.271255	0	0.122871	0.122871	0	0.0806434	0.0806434	0	0.428437	0.428437	0	0.132548	0.132548	0	0.635177	0.635177	0	0.217297	0.217297	0	0.0319641	0.0319641	
0	1.53223	1.53223	0	0.26451	0.26451	0	0.111435	0.111435	0	0.075365	0.075365	0	0.414361	0.414361	0	0.131669	0.131669	0	0.636057	0.636057	0	0.217297	0.217297	0	0.0290316	0.0290316	
0	1.41493	1.41493	0	0.273894	0.273894	0	0.0894409	0.0894409	0	0.150143	0.150143	0	0.401164	0.401164	0	0.169498	0.169498	0	0.640749	0.640749	0	0.216711	0.216711	0	0.0304979	0.0304979	
0	1.47123	1.47123	0	0.269496	0.269496	0	0.113194	0.113194	0	0.0665675	0.0665675	0	0.48738	0.48738	0	0.226975	0.226975	0	0.642801	0.642801	0	0.214951	0.214951	0	0.0296181	0.0296181	
0	1.61521	1.61521	0	0.265097	0.265097	0	0.110262	0.110262	0	0.0665675	0.0665675	0	0.39354	0.39354	0	0.133721	0.133721	0	0.634591	0.634591	0	0.219057	0.219057	0	0.0299114	0.0299114	
0	1.51668	1.51668	0	0.272721	0.272721	0	0.112901	0.112901	0	0.068327	0.068327	0	0.404097	0.404097	0	0.169498	0.169498	0	0.666848	0.666848	0	0.283865	0.283865	0	0.0284451	0.0284451	
0	1.50554	1.50554	0	0.319641	0.319641	0	0.112901	0.112901	0	0.0630485	0.0630485	0	0.388555	0.388555	0	0.153076	0.153076	0	0.621394	0.621394	0	0.214072	0.214072	0	0.0258059	0.0258059	
0	1.41669	1.41669	0	0.270082	0.270082	0	0.119646	0.119646	0	0.0592363	0.0592363	0	0.379464	0.379464	0	0.17331	0.17331	0	0.64808	0.64808	0	0.219937	0.219937	0	0.0266856	0.0266856	
0	1.49967	1.49967	0	0.287091	0.287091	0	0.0803502	0.0803502	0	0.061289	0.061289	0	0.383276	0.383276	0	0.0955991	0.0955991	0	0.62462	0.62462	0	0.212019	0.212019	0	0.0281519	0.0281519	
0	1.43868	1.43868	0	0.259525	0.259525	0	0.0803502	0.0803502	0	0.0615823	0.0615823	0	0.376238	0.376238	0	0.122578	0.122578	0	0.626086	0.626086	0	0.212019	0.212019	0	0.0249262	0.0249262	
0	1.50935	1.50935	0	0.279173	0.279173	0	0.104983	0.104983	0	0.0604093	0.0604093	0	0.378291	0.378291	0	0.118179	0.118179	0	0.625793	0.625793	0	0.209966	0.209966	0	0.0260991	0.0260991	
0	1.47446	1.47446	0	0.262751	0.262751	0	0.0738987	0.0738987	0	0.058943	0.058943	0	0.40439	0.40439	0	0.119939	0.119939	0	0.642508	0.642508	0	0.235772	0.235772	0	0.0331371	0.0331371	
0	1.56067	1.56067	0	0.32492	0.32492	0	0.114367	0.114367	0	0.0680337	0.0680337	0	0.399698	0.399698	0	0.134015	0.134015	0	0.680631	0.680631	0	0.211726	0.211726	0	0.0275654	0.0275654	
0	1.90143	1.90143	0	0.495591	0.495591	0	0.118179	0.118179	0	0.0967721	0.0967721	0	0.40615	0.40615	0	0.133721	0.133721	0	0.636057	0.636057	0	0.209673	0.209673	0	0.0284451	0.0284451	
0	1.83339	1.83339	0	0.273308	0.273308	0	0.10469	0.10469	0	0.0668607	0.0668607	0	0.384449	0.384449	0	0.131375	0.131375	0	0.614063	0.614063	0	0.202928	0.202928	0	0.0278586	0.0278586	
0	1.49616	1.49616	0	0.262458	0.262458	0	0.0768312	0.0768312	0	0.0627553	0.0627553	0	0.418466	0.418466	0	0.139586	0.139586	0	0.644268	0.644268	0	0.209966	0.209966	0	0.0266856	0.0266856	
0	1.48677	1.48677	0	0.281226	0.281226	0	0.0964789	0.0964789	0	0.0800569	0.0800569	0	0.395006	0.395006	0	0.101464	0.101464	0	0.954525	0.954525	0	0.213192	0.213192	0	0.0278586	0.0278586	
0	1.4419	1.4419	0	0.286211	0.286211	0	0.104397	0.104397	0	0.0639283	0.0639283	0	0.373892	0.373892	0	0.155129	0.155129	0	0.631365	0.631365	0	0.212019	0.212019	0	0.0252194	0.0252194	
0	1.44718	1.44718	0	0.270375	0.270375	0	0.102344	0.102344	0	0.0604093	0.0604093	0	0.380344	0.380344	0	0.149557	0.149557	0	0.63811	0.63811	0	0.226095	0.226095	0	0.0258059	0.0258059	
0	1.45188	1.45188	0	0.25542	0.25542	0	0.103517	0.103517	0	0.0609958	0.0609958	0	0.398818	0.398818	0	0.156888	0.156888	0	0.609958	0.609958	0	0.213192	0.213192	0	0.0255127	0.0255127	
0	1.51111	1.51111	0	0.261578	0.261578	0	0.103224	0.103224	0	0.0609958	0.0609958	0	0.414654	0.414654	0	0.159527	0.159527	0	0.621394	0.621394	0	0.206447	0.206447	0	0.0281519	0.0281519	
0	1.46595	1.46595	0	0.263924	0.263924	0	0.124338	0.124338	0	0.0630485	0.0630485	0	0.367441	0.367441	0	0.151023	0.151023	0	0.621981	0.621981	0	0.205567	0.205567	0	0.0258059	0.0258059	
0	1.43369	1.43369	0	0.309378	0.309378	0	0.0782974	0.0782974	0	0.0615823	0.0615823	0	0.384156	0.384156	0	0.145745	0.145745	0	0.619342	0.619342	0	0.221989	0.221989	0	0.0263924	0.0263924	
0	1.48149	1.48149	0	0.264804	0.264804	0	0.0982384	0.0982384	0	0.0598228	0.0598228	0	0.386209	0.386209	0	0.127563	0.127563	0	0.628139	0.628139	0	0.270669	0.270669	0	0.0281519	0.0281519	
0	1.47973	1.47973	0	0.25542	0.25542	0	0.0756582	0.0756582	0	0.0598228	0.0598228	0	0.390314	0.390314	0	0.151903	0.151903	0	0.731363	0.731363	0	0.240464	0.240464	0	0.0275654	0.0275654	
0	1.52812	1.52812	0	0.249555	0.249555	0	0.076538	0.076538	0	0.0607025	0.0607025	0	0.399405	0.399405	0	0.14985	0.14985	0	0.687082	0.687082	0	0.211432	0.211432	0	0.0448671	0.0448671	
0	1.69381	1.69381	0	0.26451	0.26451	0	0.126097	0.126097	0	0.0639283	0.0639283	0	0.395006	0.395006	0	0.154835	0.154835	0	0.627553	0.627553	0	0.218177	0.218177	0	0.0269789	0.0269789	
0	1.44689	1.44689	0	0.270375	0.270375	0	0.100584	0.100584	0	0.060116	0.060116	0	0.378291	0.378291	0	0.109089	0.109089	0	0.702624	0.702624	0	0.220816	0.220816	0	0.0258059	0.0258059	
0	1.57357	1.57357	0	0.298234	0.298234	0	0.132255	0.132255	0	0.0923734	0.0923734	0	0.395299	0.395299	0	0.149557	0.149557	0	0.630778	0.630778	0	0.215245	0.215245	0	0.0290316	0.0290316	
0	1.48355	1.48355	0	0.270669	0.270669	0	0.0824029	0.0824029	0	0.0662742	0.0662742	0	0.375945	0.375945	0	0.144278	0.144278	0	0.864204	0.864204	0	0.428143	0.428143	0	0.0304979	0.0304979	
0	1.62313	1.62313	0	0.275067	0.275067	0	0.120232	0.120232	0	0.0653945	0.0653945	0	0.420812	0.420812	0	0.151903	0.151903	0	0.662742	0.662742	0	0.209966	0.209966	0	0.0475063	0.0475063	
0	1.45422	1.45422	0	0.266856	0.266856	0	0.0985316	0.0985316	0	0.060116	0.060116	0	0.402044	0.402044	0	0.149557	0.149557	0	0.654531	0.654531	0	0.203515	0.203515	0	0.0272721	0.0272721	
0	1.45246	1.45246	0	0.259818	0.259818	0	0.143692	0.143692	0	0.0633418	0.0633418	0	0.381224	0.381224	0	0.139293	0.139293	0	0.634884	0.634884	0	0.214072	0.214072	0	0.0260991	0.0260991	
0	1.51727	1.51727	0	0.273308	0.273308	0	0.101464	0.101464	0	0.0604093	0.0604093	0	0.399991	0.399991	0	0.148091	0.148091	0	0.657171	0.657171	0	0.208207	0.208207	0	0.0258059	0.0258059	
0	1.47152	1.47152	0	0.470664	0.470664	0	0.106743	0.106743	0	0.123751	0.123751	0	0.438114	0.438114	0	0.235479	0.235479	0	0.656291	0.656291	0	0.241344	0.241344	0	0.0269789	0.0269789	
0	1.468	1.468	0	0.280932	0.280932	0	0.120232	0.120232	0	0.0607025	0.0607025	0	0.382103	0.382103	0	0.132842	0.132842	0	0.620221	0.620221	0	0.204981	0.204981	0	0.0263924	0.0263924	
0	1.45803	1.45803	0	0.256886	0.256886	0	0.0999979	0.0999979	0	0.061289	0.061289	0	0.401458	0.401458	0	0.14985	0.14985	0	0.640455	0.640455	0	0.219057	0.219057	0	0.0293249	0.0293249	
0	1.49762	1.49762	0	0.261285	0.261285	0	0.103517	0.103517	0	0.0618755	0.0618755	0	0.411721	0.411721	0	0.153662	0.153662	0	0.626673	0.626673	0	0.213192	0.213192	0	0.0260991	0.0260991	
0	1.468	1.468	0	0.258939	0.258939	0	0.0862152	0.0862152	0	0.0639283	0.0639283	0	0.367441	0.367441	0	0.147211	0.147211	0	0.629605	0.629605	0	0.211139	0.211139	0	0.0422278	0.0422278	
0	1.41551	1.41551	0	0.260405	0.260405	0	0.0964789	0.0964789	0	0.0826962	0.0826962	0	0.383863	0.383863	0	0.142812	0.142812	0	0.622274	0.622274	0	0.192958	0.192958	0	0.0275654	0.0275654	
0	1.40378	1.40378	0	0.264217	0.264217	0	0.119939	0.119939	0	0.0621688	0.0621688	0	0.365681	0.365681	0	0.146038	0.146038	0	0.644561	0.644561	0	0.20938	0.20938	0	0.0275654	0.0275654	
0	1.45158	1.45158	0	0.275067	0.275067	0	0.144865	0.144865	0	0.0697932	0.0697932	0	0.387088	0.387088	0	0.131962	0.131962	0	0.696759	0.696759	0	0.221989	0.221989	0	0.0302046	0.0302046	
0	1.53486	1.53486	0	0.277413	0.277413	0	0.111435	0.111435	0	0.0747785	0.0747785	0	0.431956	0.431956	0	0.163046	0.163046	0	0.689135	0.689135	0	0.224922	0.224922	0	0.0299114	0.0299114	
0	1.47768	1.47768	0	0.268323	0.268323	0	0.113487	0.113487	0	0.111141	0.111141	0	0.385622	0.385622	0	0.141639	0.141639	0	0.679164	0.679164	0	0.219937	0.219937	0	0.0287384	0.0287384	
0	1.5378	1.5378	0	0.270375	0.270375	0	0.111728	0.111728	0	0.068327	0.068327	0	0.401458	0.401458	0	0.135481	0.135481	0	0.647493	0.647493	0	0.206154	0.206154	0	0.0293249	0.0293249	
0	1.51287	1.51287	0	0.286211	0.286211	0	0.11466	0.11466	0	0.132548	0.132548	0	0.677405	0.677405	0	0.237532	0.237532	0	0.936637	0.936637	0	0.501162	0.501162	0	0.0870949	0.0870949	
0	1.77357	1.77357	0	0.32492	0.32492	0	0.117593	0.117593	0	0.0733122	0.0733122	0	0.599107	0.599107	0	0.142226	0.142226	0	0.665968	0.665968	0	0.204101	0.204101	0	0.0310844	0.0310844	
0	1.54249	1.54249	0	0.285624	0.285624	0	0.0950126	0.0950126	0	0.0712595	0.0712595	0	0.439287	0.439287	0	0.147504	0.147504	0	0.681217	0.681217	0	0.216418	0.216418	0	0.0299114	0.0299114	
0	1.62548	1.62548	0	0.32492	0.32492	0	0.117006	0.117006	0	0.105276	0.105276	0	0.402044	0.402044	0	0.150143	0.150143	0	0.67066	0.67066	0	0.309671	0.309671	0	0.0302046	0.0302046	
0	1.48208	1.48208	0	0.269789	0.269789	0	0.118179	0.118179	0	0.0721392	0.0721392	0	0.375359	0.375359	0	0.142226	0.142226	0	0.611424	0.611424	0	0.208207	0.208207	0	0.0278586	0.0278586	
0	1.58208	1.58208	0	0.254833	0.254833	0	0.109089	0.109089	0	0.0630485	0.0630485	0	0.372719	0.372719	0	0.131082	0.131082	0	0.609664	0.609664	0	0.201755	0.201755	0	0.0266856	0.0266856	
0	1.4378	1.4378	0	0.254833	0.254833	0	0.10381	0.10381	0	0.0630485	0.0630485	0	0.390314	0.390314	0	0.149264	0.149264	0	0.665088	0.665088	0	0.20938	0.20938	0	0.0284451	0.0284451	
0	1.46566	1.46566	0	0.256886	0.256886	0	0.102344	0.102344	0	0.0633418	0.0633418	0	0.369494	0.369494	0	0.132255	0.132255	0	0.612597	0.612597	0	0.201755	0.201755	0	0.0266856	0.0266856	
0	1.46976	1.46976	0	0.271255	0.271255	0	0.101171	0.101171	0	0.0604093	0.0604093	0	0.38269	0.38269	0	0.131375	0.131375	0	0.668314	0.668314	0	0.209673	0.209673	0	0.0287384	0.0287384	
0	1.64483	1.64483	0	0.280932	0.280932	0	0.0803502	0.0803502	0	0.0615823	0.0615823	0	0.480928	0.480928	0	0.137534	0.137534	0	0.650133	0.650133	0	0.210846	0.210846	0	0.0260991	0.0260991	
0	1.451	1.451	0	0.269789	0.269789	0	0.107329	0.107329	0	0.0721392	0.0721392	0	0.422865	0.422865	0	0.129909	0.129909	0	0.637816	0.637816	0	0.206447	0.206447	0	0.0281519	0.0281519	
0	1.4941	1.4941	0	0.253074	0.253074	0	0.10293	0.10293	0	0.063635	0.063635	0	0.372426	0.372426	0	0.150143	0.150143	0	0.626966	0.626966	0	0.207913	0.207913	0	0.0272721	0.0272721	
0	1.46566	1.46566	0	0.258939	0.258939	0	0.109089	0.109089	0	0.0639283	0.0639283	0	0.368027	0.368027	0	0.134894	0.134894	0	0.606439	0.606439	0	0.199409	0.199409	0	0.0258059	0.0258059	
0	1.65598	1.65598	0	0.296181	0.296181	0	0.107916	0.107916	0	0.071846	0.071846	0	0.385036	0.385036	0	0.143985	0.143985	0	1.06009	1.06009	0	0.558639	0.558639	0	0.054251	0.054251	
0	1.7287	1.7287	0	0.38093	0.38093	0	0.113487	0.113487	0	0.116127	0.116127	0	1.15687	1.15687	0	0.309964	0.309964	0	1.2425	1.2425	0	0.49911	0.49911	0	0.0413481	0.0413481	
0	2.0199	2.0199	0	0.358643	0.358643	0	0.10381	0.10381	0	0.0991181	0.0991181	0	0.471544	0.471544	0	0.20938	0.20938	0	0.91347	0.91347	0	0.329612	0.329612	0	0.0310844	0.0310844	
0	1.83339	1.83339	0	0.281519	0.281519	0	0.132842	0.132842	0	0.0999979	0.0999979	0	0.433422	0.433422	0	0.147797	0.147797	0	0.665088	0.665088	0	0.228441	0.228441	0	0.0316709	0.0316709	
0	1.99087	1.99087	0	0.327559	0.327559	0	0.155129	0.155129	0	0.070673	0.070673	0	0.413774	0.413774	0	0.155129	0.155129	0	0.6255	0.6255	0	0.237238	0.237238	0	0.0269789	0.0269789	
0	1.49938	1.49938	0	0.262164	0.262164	0	0.10557	0.10557	0	0.0639283	0.0639283	0	0.677405	0.677405	0	0.171844	0.171844	0	0.750717	0.750717	0	0.221696	0.221696	0	0.0296181	0.0296181	
0	1.50319	1.50319	0	0.277707	0.277707	0	0.118473	0.118473	0	0.0747785	0.0747785	0	0.478875	0.478875	0	0.13812	0.13812	0	0.678871	0.678871	0	0.216711	0.216711	0	0.0422278	0.0422278	
0	1.79967	1.79967	0	0.281812	0.281812	0	0.117593	0.117593	0	0.0894409	0.0894409	0	0.692361	0.692361	0	0.173017	0.173017	0	0.655998	0.655998	0	0.239878	0.239878	0	0.0304979	0.0304979	
0	1.52108	1.52108	0	0.399405	0.399405	0	0.11642	0.11642	0	0.0891477	0.0891477	0	0.431076	0.431076	0	0.131082	0.131082	0	0.658637	0.658637	0	0.252487	0.252487	0	0.0307911	0.0307911	
0	1.67152	1.67152	0	0.262164	0.262164	0	0.106156	0.106156	0	0.0697932	0.0697932	0	0.39354	0.39354	0	0.154542	0.154542	0	0.64896	0.64896	0	0.21935	0.21935	0	0.0293249	0.0293249	
0	1.44366	1.44366	0	0.467732	0.467732	0	0.120232	0.120232	0	0.0721392	0.0721392	0	1.61551	1.61551	0	0.146331	0.146331	0	0.678871	0.678871	0	0.249555	0.249555	0	0.0275654	0.0275654	
0	1.46683	1.46683	0	0.267443	0.267443	0	0.109089	0.109089	0	0.065981	0.065981	0	0.402337	0.402337	0	0.15161	0.15161	0	0.627259	0.627259	0	0.216124	0.216124	0	0.0249262	0.0249262	
0	1.4463	1.4463	0	0.273894	0.273894	0	0.123458	0.123458	0	0.0651012	0.0651012	0	0.378878	0.378878	0	0.148677	0.148677	0	0.623447	0.623447	0	0.221696	0.221696	0	0.0252194	0.0252194	
0	1.50466	1.50466	0	0.252194	0.252194	0	0.0736055	0.0736055	0	0.058943	0.058943	0	0.380637	0.380637	0	0.10293	0.10293	0	0.621981	0.621981	0	0.213778	0.213778	0	0.0255127	0.0255127	
0	1.48325	1.48325	0	0.248968	0.248968	0	0.0759515	0.0759515	0	0.0598228	0.0598228	0	0.388261	0.388261	0	0.100878	0.100878	0	0.611131	0.611131	0	0.202048	0.202048	0	0.0281519	0.0281519	
0	1.45862	1.45862	0	0.255127	0.255127	0	0.0777109	0.0777109	0	0.0630485	0.0630485	0	0.395593	0.395593	0	0.136654	0.136654	0	0.606145	0.606145	0	0.207327	0.207327	0	0.0249262	0.0249262	
0	1.44454	1.44454	0	0.257179	0.257179	0	0.076538	0.076538	0	0.060116	0.060116	0	0.374772	0.374772	0	0.102344	0.102344	0	0.6472	0.6472	0	0.202635	0.202635	0	0.0275654	0.0275654	
0	1.44015	1.44015	0	0.253954	0.253954	0	0.0794704	0.0794704	0	0.0642215	0.0642215	0	0.375945	0.375945	0	0.129029	0.129029	0	0.61289	0.61289	0	0.205567	0.205567	0	0.0260991	0.0260991	
0	1.49029	1.49029	0	0.250728	0.250728	0	0.0797637	0.0797637	0	0.062462	0.062462	0	0.370373	0.370373	0	0.125804	0.125804	0	0.610544	0.610544	0	0.198529	0.198529	0	0.0266856	0.0266856	
0	1.52959	1.52959	0	0.608491	0.608491	0	0.111435	0.111435	0	0.0768312	0.0768312	0	0.417293	0.417293	0	0.149557	0.149557	0	0.656291	0.656291	0	0.216124	0.216124	0	0.0284451	0.0284451	
0	1.58384	1.58384	0	0.553654	0.553654	0	0.11466	0.11466	0	0.0724325	0.0724325	0	0.699692	0.699692	0	0.13812	0.13812	0	0.677698	0.677698	0	0.233426	0.233426	0	0.0304979	0.0304979	
0	1.63692	1.63692	0	0.261578	0.261578	0	0.0950126	0.0950126	0	0.065981	0.065981	0	0.386795	0.386795	0	0.131669	0.131669	0	0.617289	0.617289	0	0.205274	0.205274	0	0.0272721	0.0272721	
0	1.40349	1.40349	0	0.252781	0.252781	0	0.0856287	0.0856287	0	0.0645147	0.0645147	0	0.373306	0.373306	0	0.123165	0.123165	0	0.610837	0.610837	0	0.627259	0.627259	0	0.0302046	0.0302046	
