Using Best Grid Path: true
Using Waypoints: true
Using Best Waypoint Path: false
Heuristic: Stanford Distance


0_WaypointTraversalTime	0_GridTraversalTime	0_TotalTraversalTime	1_WaypointTraversalTime	1_GridTraversalTime	1_TotalTraversalTime	2_WaypointTraversalTime	2_GridTraversalTime	2_TotalTraversalTime	3_WaypointTraversalTime	3_GridTraversalTime	3_TotalTraversalTime	4_WaypointTraversalTime	4_GridTraversalTime	4_TotalTraversalTime	5_WaypointTraversalTime	5_GridTraversalTime	5_TotalTraversalTime	6_WaypointTraversalTime	6_GridTraversalTime	6_TotalTraversalTime	7_WaypointTraversalTime	7_GridTraversalTime	7_TotalTraversalTime	8_WaypointTraversalTime	8_GridTraversalTime	8_TotalTraversalTime	
2.00787	0.266856	2.27473	0.845143	0.209966	1.05511	0.0143692	0.14897	0.16334	0.163046	0.0914936	0.25454	1.05335	0.238998	1.29235	0.134015	0.129323	0.263337	1.13429	0.148677	1.28296	0.922561	0.117593	1.04015	0.398818	0.05777	0.456588	
1.0859	0.256593	1.34249	0.946607	0.241344	1.18795	0.0175949	0.148384	0.165979	0.158061	0.0944261	0.252487	1.20467	0.238411	1.44308	0.150143	0.135774	0.285918	1.26478	0.174483	1.43927	0.987955	0.124044	1.112	0.445445	0.0627553	0.5082	
1.11259	0.265683	1.37827	0.929599	0.408496	1.33809	0.0149557	0.135774	0.15073	0.161873	0.0938396	0.255713	1.16596	0.244276	1.41023	0.133721	0.12815	0.261871	1.17593	0.157475	1.3334	0.915816	0.11642	1.03224	0.401458	0.0604093	0.461867	
1.18883	0.245743	1.43457	0.846023	0.258939	1.10496	0.0164219	0.147797	0.164219	0.164219	0.0947194	0.258939	1.21376	0.252487	1.46624	0.136947	0.132842	0.269789	1.35862	0.169205	1.52783	1.90436	0.12727	2.03163	0.426677	0.061289	0.487966	
1.15657	0.239878	1.39645	0.831947	0.194424	1.02637	0.0161287	0.119352	0.135481	0.172724	0.0923734	0.265097	1.06127	0.210553	1.27182	0.139	0.136361	0.275361	1.15423	0.162753	1.31698	0.908192	0.110555	1.01875	0.40527	0.0568903	0.46216	
1.0988	0.231667	1.33047	0.850715	0.260991	1.11171	0.0143692	0.155129	0.169498	0.173603	0.0894409	0.263044	1.06479	0.205274	1.27006	0.165099	0.125804	0.290903	1.25892	0.141932	1.40085	0.928426	0.106156	1.03458	0.420226	0.0557173	0.475943	
1.19088	0.23284	1.42372	0.916696	0.193251	1.10995	0.0140759	0.147211	0.161287	0.165686	0.0897341	0.25542	1.10408	0.204394	1.30848	0.118473	0.130789	0.249262	1.16009	0.145451	1.30554	0.958337	0.112021	1.07036	0.432835	0.0630485	0.495884	
1.16508	0.253367	1.41844	0.858339	0.217884	1.07622	0.0243397	0.158648	0.182987	0.325799	0.121992	0.447791	1.85832	0.268323	2.12664	0.134894	0.180935	0.315829	1.21816	0.151023	1.36918	1.03575	0.1173	1.15305	0.421105	0.0598228	0.480928	
2.68029	0.521396	3.20169	1.20144	0.217004	1.41844	0.0161287	0.217297	0.233426	0.150143	0.157475	0.307618	1.27915	0.297061	1.57621	0.320814	0.158941	0.479755	1.37739	0.189439	1.56683	1.11112	0.145451	1.25657	0.520223	0.071846	0.592069	
1.34982	0.322867	1.67269	0.996166	0.249555	1.24572	0.0173017	0.164806	0.182108	0.217591	0.107036	0.324626	1.2639	0.261578	1.52548	0.129323	0.172724	0.302046	1.47651	0.199409	1.67592	1.09939	0.123458	1.22285	0.461574	0.0607025	0.522276	
1.12402	0.271548	1.39557	0.882972	0.198236	1.08121	0.0146624	0.146918	0.16158	0.171551	0.165979	0.337529	1.07124	0.240464	1.3117	0.148384	0.146331	0.294715	1.24924	0.177416	1.42666	0.934584	0.123458	1.05804	0.410548	0.0571835	0.467732	
1.09734	0.258939	1.35628	0.885612	0.219057	1.10467	0.0146624	0.122871	0.137534	0.180935	0.0920801	0.273015	1.1164	0.245156	1.36155	0.140759	0.166272	0.307032	1.18854	0.147504	1.33604	0.962149	0.112901	1.07505	0.434008	0.0677405	0.501749	
1.20819	0.260991	1.46918	0.870656	0.213778	1.08443	0.0152489	0.155715	0.170964	0.150143	0.0935464	0.24369	1.09352	0.271842	1.36537	0.143692	0.134015	0.277707	1.18971	0.147797	1.33751	0.974466	0.112021	1.08649	0.456295	0.0674472	0.523742	
1.1381	0.238998	1.3771	0.878867	0.194424	1.07329	0.0143692	0.134894	0.149264	0.155129	0.0912004	0.246329	1.14778	0.219057	1.36683	0.125804	0.128443	0.254247	1.17534	0.139	1.31434	0.97212	0.108502	1.08062	0.444565	0.0548375	0.499403	
1.14044	0.230494	1.37094	0.989128	0.218764	1.20789	0.0134894	0.135188	0.148677	0.16334	0.0879747	0.251314	1.08942	0.280346	1.36977	0.152489	0.123751	0.27624	1.17006	0.13812	1.30818	0.993234	0.117006	1.11024	0.444565	0.056597	0.501162	
1.13458	0.268909	1.40349	0.868896	0.270962	1.13986	0.0161287	0.210259	0.226388	0.336356	0.190319	0.526675	2.04453	0.23196	2.27649	0.147504	0.123458	0.270962	1.2164	0.146624	1.36302	0.949833	0.106449	1.05628	0.756875	0.119646	0.876521	
2.14101	0.252487	2.3935	1.21464	0.466266	1.6809	0.0395886	0.104397	0.143985	0.198236	0.135774	0.33401	1.11112	0.226388	1.33751	0.145451	0.129323	0.274774	1.14719	0.189732	1.33692	0.931652	0.110262	1.04191	0.419639	0.0563038	0.475943	
1.14074	0.384449	1.52519	0.87828	0.209086	1.08737	0.0140759	0.127857	0.141932	0.154542	0.0879747	0.242517	1.08766	0.214365	1.30202	0.164513	0.124631	0.289143	1.17886	0.138413	1.31727	0.958044	0.105863	1.06391	0.45219	0.05777	0.50996	
1.3117	0.257472	1.56917	0.910244	0.197943	1.10819	0.0187679	0.163046	0.181814	0.180055	0.0926666	0.272721	1.02784	0.258939	1.28678	0.164219	0.13724	0.30146	1.18003	0.143692	1.32373	0.979744	0.109968	1.08971	0.455709	0.0642215	0.51993	
1.88823	0.310257	2.19849	1.05658	0.445152	1.50173	0.0161287	0.133428	0.149557	0.170671	0.0917869	0.262458	1.19558	0.246916	1.44249	0.125804	0.127563	0.253367	1.20584	0.143399	1.34924	0.992354	0.126684	1.11904	0.489139	0.0724325	0.561572	
1.14514	0.241637	1.38677	0.917869	0.194424	1.11229	0.0143692	0.116713	0.131082	0.187973	0.0914936	0.279466	1.06889	0.202635	1.27153	0.145451	0.14985	0.295302	1.15305	0.13988	1.29293	0.965082	0.106449	1.07153	0.451017	0.0662742	0.517291	
1.21874	0.248968	1.46771	0.893529	0.193544	1.08707	0.0140759	0.112608	0.126684	0.154249	0.0912004	0.245449	1.08766	0.226681	1.31434	0.117886	0.146331	0.264217	1.15042	0.13724	1.28766	0.966548	0.104397	1.07094	0.475356	0.058943	0.534299	
1.11024	0.290316	1.40056	0.907019	0.270082	1.1771	0.0149557	0.141053	0.156008	0.168325	0.0891477	0.257472	1.07241	0.230494	1.3029	0.298234	0.125511	0.423745	1.19323	0.138413	1.33164	0.934584	0.10469	1.03927	0.448671	0.0832827	0.531953	
1.16215	0.229907	1.39205	0.880626	0.194424	1.07505	0.0134894	0.106156	0.119646	0.141639	0.0882679	0.229907	1.11288	0.202635	1.31551	0.116713	0.14897	0.265683	1.18648	0.135774	1.32226	1.33487	0.158648	1.49352	0.487086	0.0568903	0.543977	
1.14924	0.2302	1.37944	0.913763	0.192664	1.10643	0.0143692	0.175656	0.190025	0.176243	0.0888544	0.265097	1.0815	0.202928	1.28443	0.119939	0.171257	0.291196	1.15745	0.140466	1.29792	0.974759	0.112021	1.08678	0.439287	0.0560105	0.495297	
1.11347	0.232253	1.34572	0.852768	0.214951	1.06772	0.0134894	0.142812	0.156302	0.163633	0.0885612	0.252194	1.03575	0.204101	1.23986	0.148384	0.122285	0.270669	1.16478	0.13812	1.3029	0.919042	0.10469	1.02373	0.396179	0.0586498	0.454829	
1.15188	0.249848	1.40173	0.825789	0.208793	1.03458	0.0134894	0.13724	0.15073	0.156008	0.0876814	0.24369	1.05482	0.370667	1.42548	0.179762	0.125217	0.304979	1.17065	0.139293	1.30994	1.00878	0.106743	1.11552	0.412015	0.0548375	0.466852	
1.14602	0.229321	1.37534	0.91347	0.219937	1.13341	0.0152489	0.0932531	0.108502	0.160994	0.0835759	0.24457	1.09616	0.212605	1.30877	0.140759	0.157181	0.297941	1.21288	0.140759	1.35364	0.949833	0.128736	1.07857	0.449844	0.0592363	0.50908	
1.17563	0.236945	1.41258	0.896168	0.19501	1.09118	0.0134894	0.130202	0.143692	0.144865	0.0882679	0.233133	1.09059	0.202635	1.29323	0.118766	0.131082	0.249848	1.15511	0.139	1.29411	0.944555	0.12639	1.07094	0.477409	0.055424	0.532833	
1.15716	0.233133	1.39029	0.879453	0.280932	1.16039	0.0140759	0.166272	0.180348	0.321107	0.171551	0.492658	2.19614	0.440753	2.63689	0.339875	0.252194	0.592069	1.28355	0.368321	1.65187	1.00027	0.124044	1.12432	0.434888	0.0686202	0.503508	
1.26859	0.365681	1.63428	0.936344	0.226095	1.16244	0.0155422	0.186506	0.202048	0.186506	0.0912004	0.277707	1.17945	0.238118	1.41756	0.140173	0.126097	0.26627	1.1466	0.143692	1.29029	1.52255	0.225802	1.74835	0.477116	0.0607025	0.537818	
1.2727	0.300873	1.57357	1.66888	0.455415	2.12429	0.0454536	0.207913	0.253367	0.306445	0.0906139	0.397059	1.08033	0.214072	1.2944	0.119059	0.12639	0.245449	1.15951	0.143692	1.3032	1.01142	0.108502	1.11992	0.431076	0.0583565	0.489432	
1.16801	0.257472	1.42548	0.921681	0.229027	1.15071	0.0143692	0.12815	0.142519	0.155129	0.0897341	0.244863	1.07534	0.37184	1.44718	0.156302	0.125217	0.281519	1.15745	0.167445	1.3249	0.909658	0.104983	1.01464	0.419932	0.0548375	0.47477	
1.10877	0.228441	1.33721	1.77328	0.448084	2.22136	0.0158354	0.0982384	0.114074	0.165686	0.0885612	0.254247	1.05276	0.202928	1.25569	0.146624	0.215245	0.361869	1.22226	0.138707	1.36097	0.999099	0.105863	1.10496	0.420226	0.0574768	0.477702	
1.19499	0.278586	1.47358	0.926373	0.192958	1.11933	0.0143692	0.102344	0.116713	0.145451	0.122578	0.268029	1.10877	0.204394	1.31317	0.119059	0.145745	0.264804	1.18766	0.13724	1.3249	0.981504	0.114954	1.09646	0.437527	0.0574768	0.495004	
1.22607	0.25366	1.47973	1.11786	0.195597	1.31346	0.0143692	0.107622	0.121992	0.143692	0.162753	0.306445	1.11259	0.201755	1.31434	0.118473	0.152783	0.271255	1.25305	0.158061	1.41111	1.01171	0.105276	1.11698	0.438114	0.0592363	0.49735	
1.3466	0.229321	1.57592	0.986489	0.192371	1.17886	0.0140759	0.0832827	0.0973586	0.170378	0.0832827	0.25366	1.12725	0.199702	1.32695	0.117593	0.137534	0.255127	1.37416	0.156595	1.53076	0.976812	0.10381	1.08062	0.430196	0.067154	0.49735	
1.2378	0.253954	1.49176	0.914643	0.192664	1.10731	0.0134894	0.149264	0.162753	0.135188	0.118473	0.25366	1.12314	0.224335	1.34748	0.132548	0.174483	0.307032	1.20643	0.166565	1.37299	0.940742	0.11642	1.05716	0.427557	0.0609958	0.488553	
1.20144	0.29061	1.49205	0.86831	0.20674	1.07505	0.0161287	0.0932531	0.109382	0.14897	0.122871	0.271842	1.09558	0.443979	1.53956	0.129323	0.217004	0.346327	1.20994	0.146038	1.35598	1.01816	0.110555	1.12871	0.497643	0.0709662	0.56861	
1.20027	0.243983	1.44425	0.910244	0.219643	1.12989	0.0164219	0.0964789	0.112901	0.146331	0.0868017	0.233133	1.97386	0.455415	2.42927	0.273308	0.246329	0.519637	2.39966	0.321401	2.72106	1.90231	0.236652	2.13896	1.12578	0.202342	1.32812	
1.12549	0.258645	1.38413	0.906725	0.209086	1.11581	0.0158354	0.188852	0.204688	0.358057	0.205274	0.563331	1.96506	0.219057	2.18412	0.131082	0.163926	0.295008	2.27913	0.165979	2.44511	0.916109	0.124631	1.04074	0.409962	0.058943	0.468905	
1.1944	0.251608	1.44601	0.909658	0.210553	1.12021	0.0149557	0.185627	0.200582	0.410842	0.201169	0.61201	1.95597	0.359816	2.31579	0.51993	0.205567	0.725498	1.20291	0.276827	1.47973	0.918162	0.122285	1.04045	0.396766	0.0583565	0.455122	
1.112	0.296768	1.40877	0.914936	0.214658	1.12959	0.0149557	0.119352	0.134308	0.170378	0.100291	0.270669	1.10613	0.226095	1.33223	0.128443	0.132842	0.261285	1.32167	0.164513	1.48619	1.00262	0.123165	1.12578	0.443979	0.0592363	0.503215	
1.14367	0.249555	1.39323	0.870656	0.20674	1.0774	0.0152489	0.0932531	0.108502	0.143105	0.104103	0.247209	1.05423	0.24369	1.29792	0.134601	0.125217	0.259818	1.50349	0.198823	1.70231	1.19763	0.151316	1.34894	0.530487	0.0727257	0.603213	
1.43047	0.231373	1.66184	0.879747	0.191785	1.07153	0.0140759	0.139293	0.153369	0.169498	0.0903206	0.259818	1.06508	0.205567	1.27065	0.124338	0.136654	0.260991	1.29088	0.156302	1.44718	0.928426	0.117886	1.04631	0.415827	0.0571835	0.47301	
1.15833	0.258352	1.41669	0.872122	0.212312	1.08443	0.0161287	0.126977	0.143105	0.178882	0.0923734	0.271255	1.11376	0.208207	1.32197	0.130496	0.136947	0.267443	1.21053	0.143399	1.35393	1.57181	0.15073	1.72254	0.453949	0.065981	0.51993	
1.14748	0.314363	1.46185	1.32079	0.273015	1.59381	0.0161287	0.139586	0.155715	0.187973	0.126097	0.31407	1.06889	0.227561	1.29645	0.165099	0.129029	0.294129	1.13634	0.245449	1.38179	0.935464	0.113781	1.04924	0.40439	0.0557173	0.460107	
1.11405	0.256299	1.37035	0.883559	0.253954	1.13751	0.0143692	0.141639	0.156008	0.326386	0.0909071	0.417293	1.20408	0.222576	1.42666	0.124924	0.175656	0.30058	1.15276	0.184454	1.33721	1.00672	0.11554	1.12226	0.463626	0.0674472	0.531074	
1.12901	0.257179	1.38619	0.918455	0.204101	1.12256	0.0152489	0.153956	0.169205	0.168032	0.0912004	0.259232	1.13458	0.239584	1.37416	0.147797	0.120232	0.268029	1.1686	0.186213	1.35481	0.956285	0.113194	1.06948	0.426091	0.0551308	0.481221	
1.1513	0.261578	1.41287	0.939276	0.289143	1.22842	0.0158354	0.13812	0.153956	0.176243	0.0979451	0.274188	1.15657	0.289143	1.44572	0.152783	0.157768	0.310551	1.3985	0.153076	1.55158	0.957164	0.168911	1.12608	0.426677	0.0607025	0.48738	
1.26038	0.24369	1.50407	0.871242	0.205861	1.0771	0.0152489	0.139586	0.154835	0.149264	0.145451	0.294715	1.03869	0.247795	1.28648	0.141346	0.12815	0.269496	1.14631	0.154835	1.30115	0.898221	0.11554	1.01376	0.407029	0.0568903	0.46392	
1.2249	0.255713	1.48061	0.842504	0.210259	1.05276	0.0155422	0.141053	0.156595	0.281519	0.134894	0.416413	1.09763	0.212312	1.30994	0.156595	0.143985	0.30058	1.24074	0.142519	1.38325	0.97036	0.108209	1.07857	0.562745	0.056597	0.619342	
1.17182	0.251021	1.42284	1.51551	0.240171	1.75568	0.0240464	0.324626	0.348673	0.158648	0.0938396	0.252487	1.08619	0.213778	1.29997	0.118766	0.140759	0.259525	1.15657	0.140759	1.29733	0.991474	0.108795	1.10027	0.443392	0.0651012	0.508494	
1.12725	0.279466	1.40671	1.02432	0.384742	1.40906	0.0272721	0.333717	0.360989	0.18416	0.0923734	0.276534	1.06039	0.217591	1.27798	0.176243	0.125511	0.301753	1.19704	0.141346	1.33839	1.22871	0.113194	1.34191	0.442219	0.060116	0.502335	
1.17329	0.298527	1.47182	0.894116	0.295008	1.18912	0.0152489	0.142519	0.157768	0.169205	0.0909071	0.260112	1.03986	0.249262	1.28912	0.13988	0.135481	0.275361	1.17388	0.141639	1.31551	0.963909	0.107916	1.07182	0.435181	0.0656877	0.500869	
1.1422	0.229027	1.37123	0.881506	0.248968	1.13047	0.0140759	0.140759	0.154835	0.179175	0.0888544	0.268029	1.07124	0.203515	1.27475	0.136361	0.13724	0.273601	1.17329	0.147211	1.3205	0.970067	0.112021	1.08209	0.812006	0.101757	0.913763	
1.15423	0.251608	1.40584	0.90174	0.243103	1.14484	0.0170084	0.588257	0.605266	0.397059	0.183867	0.580926	1.40085	0.303219	1.70407	0.196477	0.167738	0.364215	1.27505	0.152489	1.42754	1.17182	0.293542	1.46536	0.593829	0.113487	0.707316	
1.37798	0.537525	1.9155	1.07476	0.323747	1.3985	0.0167152	0.319934	0.33665	0.21847	0.127563	0.346034	1.30965	0.238705	1.54835	0.143399	0.179468	0.322867	1.21405	0.153662	1.36771	1.19675	0.112901	1.30965	0.477702	0.0586498	0.536352	
1.18766	0.240757	1.42842	0.902913	0.195597	1.09851	0.0152489	0.0944261	0.109675	0.199409	0.123751	0.32316	1.12138	0.209086	1.33047	0.126684	0.160994	0.287677	1.20349	0.158648	1.36214	0.986782	0.145745	1.13253	0.403217	0.0580633	0.46128	
1.15423	0.235479	1.38971	0.894409	0.215831	1.11024	0.0137827	0.0912004	0.104983	0.143985	0.0838692	0.227854	1.08795	0.221696	1.30965	0.124338	0.158061	0.282399	1.17446	0.164806	1.33927	1.1293	0.114367	1.24367	0.405856	0.0568903	0.462747	
1.21288	0.259525	1.4724	0.940156	0.214072	1.15423	0.0152489	0.141639	0.156888	0.173603	0.0947194	0.268323	1.07564	0.229321	1.30496	0.15073	0.130789	0.281519	1.16977	0.167738	1.33751	1.1947	0.131375	1.32607	0.415827	0.0604093	0.476236	
1.14836	0.306738	1.4551	0.961563	0.203515	1.16508	0.0137827	0.126977	0.140759	0.170964	0.0900274	0.260991	1.14426	0.2302	1.37446	0.152783	0.12727	0.280053	1.18297	0.13988	1.32285	0.999099	0.125804	1.1249	0.458934	0.0580633	0.516998	
1.16244	0.27712	1.43956	0.921095	0.194424	1.11552	0.0149557	0.134015	0.14897	0.165099	0.0991181	0.264217	1.27563	0.240757	1.51639	0.128736	0.130496	0.259232	1.55744	0.413481	1.97093	0.932238	0.126977	1.05921	0.448671	0.060116	0.508787	
1.1686	0.273894	1.44249	1.03693	0.225508	1.26244	0.0184747	0.146918	0.165392	0.517291	0.12815	0.645441	2.2023	0.540458	2.74276	0.275947	0.139293	0.41524	1.17388	0.161873	1.33575	0.967428	0.128443	1.09587	0.417293	0.0615823	0.478875	
2.3976	0.434888	2.83249	1.48912	0.473597	1.96271	0.0214072	0.131669	0.153076	0.171844	0.109089	0.280932	1.23692	0.238411	1.47533	0.140173	0.148091	0.288264	1.37798	0.431076	1.80905	1.57621	0.126977	1.70319	0.527555	0.0604093	0.587964	
1.26654	0.297354	1.5639	0.874468	0.224335	1.0988	0.0149557	0.143399	0.158354	0.172137	0.0914936	0.263631	1.1032	0.224335	1.32754	0.134308	0.124338	0.258645	1.14338	0.148091	1.29147	0.906139	0.113781	1.01992	0.406736	0.055424	0.46216	
1.20203	0.268323	1.47035	0.887664	0.22023	1.10789	0.0281519	0.12639	0.154542	0.156595	0.0917869	0.248382	1.08238	0.22023	1.30261	0.166859	0.126684	0.293542	1.17124	0.1607	1.33194	0.932825	0.113194	1.04602	0.423451	0.0557173	0.479169	
1.21698	0.249848	1.46683	0.854527	0.211139	1.06567	0.0149557	0.0906139	0.10557	0.167738	0.0900274	0.257766	1.08267	0.21847	1.30115	0.125804	0.122285	0.248089	1.17593	0.140173	1.3161	0.952472	0.155422	1.10789	0.400871	0.055424	0.456295	
1.10819	0.246622	1.35481	0.846316	0.233719	1.08004	0.0146624	0.124924	0.139586	0.165392	0.0897341	0.255127	1.05628	0.202928	1.25921	0.12639	0.125217	0.251608	1.21845	0.138413	1.35686	0.990008	0.106156	1.09616	0.438114	0.0645147	0.502629	
1.30848	0.24369	1.55217	0.887078	0.212605	1.09968	0.0143692	0.0862152	0.100584	0.145745	0.143692	0.289437	1.09528	0.228148	1.32343	0.136947	0.125217	0.262164	1.13605	0.159527	1.29557	0.92608	0.110848	1.03693	0.422278	0.0560105	0.478289	
2.55039	0.267443	2.81783	0.882679	0.219937	1.10262	0.0155422	0.145158	0.1607	0.175949	0.0912004	0.26715	1.06772	0.219937	1.28766	0.140759	0.126684	0.267443	1.17534	0.154835	1.33018	0.914936	0.11554	1.03048	0.400871	0.0574768	0.458348	
2.41314	0.268029	2.68117	0.871242	0.199409	1.07065	0.0146624	0.129909	0.144572	0.165686	0.0955991	0.261285	1.06479	0.270375	1.33516	0.118473	0.151316	0.269789	1.17065	0.175949	1.3466	0.95951	0.108502	1.06801	0.865084	0.133135	0.998219	
1.13927	0.294715	1.43399	0.841624	0.216418	1.05804	0.0146624	0.165686	0.180348	0.178002	0.0914936	0.269496	1.09528	0.236945	1.33223	0.171844	0.124631	0.296475	1.18883	0.140173	1.329	1.20144	0.118766	1.32021	0.428143	0.0680337	0.496177	
1.14103	0.268323	1.40935	0.835759	0.213778	1.04954	0.0143692	0.144572	0.158941	0.168032	0.0906139	0.258645	1.04748	0.255713	1.3032	0.130202	0.174776	0.304979	2.64188	0.362749	3.00463	2.22048	0.144278	2.36476	0.433129	0.061289	0.494418	
1.15833	0.248968	1.4073	0.914057	0.213778	1.12784	0.0137827	0.125511	0.139293	0.135481	0.10469	0.240171	2.40728	0.529901	2.93718	0.335477	0.288557	0.624034	1.3812	0.172724	1.55393	0.932825	0.121698	1.05452	0.439287	0.0607025	0.499989	
1.14191	0.26451	1.40642	1.43927	0.412601	1.85187	0.0199409	0.144278	0.164219	0.182987	0.0961856	0.279173	1.06009	0.23196	1.29205	0.169498	0.127857	0.297354	1.19235	0.149557	1.34191	1.04514	0.112314	1.15745	0.441926	0.0680337	0.50996	
1.49498	0.359523	1.85451	0.877987	0.409375	1.28736	0.0252194	0.185333	0.210553	0.187679	0.0964789	0.284158	1.58765	0.244863	1.83251	0.159234	0.139293	0.298527	1.20203	0.16246	1.36449	0.936344	0.119646	1.05599	0.431369	0.0586498	0.490019	
1.1513	0.265977	1.41727	0.847196	0.212312	1.05951	0.0146624	0.142812	0.157475	0.206154	0.0982384	0.304392	1.15833	0.212312	1.37065	0.155715	0.12727	0.282985	1.151	0.143399	1.2944	0.944848	0.106743	1.05159	0.463333	0.056597	0.51993	
1.23194	0.261578	1.49352	0.907898	0.197063	1.10496	0.0143692	0.129323	0.143692	0.155422	0.0897341	0.245156	1.37065	0.287677	1.65832	0.211432	0.158061	0.369494	1.52138	0.203515	1.72489	1.18531	0.171551	1.35686	0.550428	0.0747785	0.625207	
1.49528	0.338702	1.83398	0.94866	0.217591	1.16625	0.0152489	0.159527	0.174776	0.155422	0.0903206	0.245743	1.06391	0.203221	1.26713	0.141932	0.190025	0.331958	1.17006	0.153369	1.32343	0.936637	0.118473	1.05511	0.455709	0.0580633	0.513772	
1.15452	0.239878	1.3944	0.869776	0.21847	1.08825	0.0149557	0.123751	0.138707	0.156008	0.0876814	0.24369	1.05042	0.203808	1.25423	0.146624	0.122871	0.269496	1.28648	0.137534	1.42402	2.06095	0.263337	2.32429	0.955112	0.128736	1.08385	
2.63103	0.259818	2.89085	0.919335	0.199116	1.11845	0.0137827	0.138707	0.152489	0.163926	0.0856287	0.249555	1.08883	0.229027	1.31786	0.180935	0.123165	0.304099	1.16977	0.141932	1.3117	1.21288	0.118473	1.33135	0.424038	0.0695	0.493538	
1.14396	0.265097	1.40906	0.934291	0.225215	1.15951	0.0143692	0.131375	0.145745	0.155715	0.0917869	0.247502	1.1249	0.247209	1.37211	0.141639	0.125511	0.26715	1.18766	0.13988	1.32754	0.982384	0.106743	1.08913	0.45043	0.0645147	0.514945	
1.33634	0.229907	1.56624	0.887078	0.193251	1.08033	0.0131962	0.128736	0.141932	0.213778	0.192958	0.406736	1.12959	0.226681	1.35628	0.147504	0.130202	0.277707	1.20643	0.153076	1.3595	0.929012	0.11466	1.04367	0.424624	0.0574768	0.482101	
1.15188	0.248675	1.40056	0.847489	0.21847	1.06596	0.0155422	0.147211	0.162753	0.215831	0.0865084	0.30234	1.10115	0.22111	1.32226	0.159821	0.12815	0.28797	1.15276	0.155129	1.30789	0.942502	0.114074	1.05658	0.429316	0.0560105	0.485327	
1.16684	0.25542	1.42226	0.830774	0.208793	1.03957	0.0146624	0.222576	0.237238	0.359816	0.2085	0.568316	1.57035	0.236652	1.807	0.252487	0.455709	0.708196	1.20731	0.147504	1.35481	0.974466	0.117886	1.09235	0.431076	0.0700865	0.501162	
1.17036	0.579753	1.75011	1.09235	0.291489	1.38384	0.0266856	0.121112	0.147797	0.176829	0.0920801	0.268909	1.18883	0.245743	1.43457	0.147504	0.145451	0.292956	1.17681	0.144572	1.32138	0.956578	0.133721	1.0903	0.432249	0.067154	0.499403	
2.59349	0.592069	3.18556	1.98588	0.479755	2.46564	0.0343101	0.217591	0.251901	0.350139	0.197063	0.547202	1.07446	0.379757	1.45422	0.158061	0.129029	0.287091	1.14631	0.15073	1.29704	0.91523	0.126977	1.04221	0.439873	0.0560105	0.495884	
1.14132	0.243103	1.38443	0.895289	0.228148	1.12344	0.0137827	0.13812	0.151903	0.180935	0.0870949	0.268029	1.06655	0.229321	1.29587	0.140466	0.125511	0.265977	1.17945	0.13988	1.31933	0.916696	0.104983	1.02168	0.424624	0.0557173	0.480342	
1.13927	0.269789	1.40906	1.08004	0.217004	1.29704	0.0155422	0.145745	0.161287	0.158941	0.0906139	0.249555	1.07153	0.216711	1.28824	0.16334	0.129616	0.292956	1.31024	0.140466	1.4507	0.957458	0.113487	1.07094	0.443979	0.0568903	0.500869	
1.16889	0.232253	1.40114	0.934291	0.191198	1.12549	0.0134894	0.129029	0.142519	0.153369	0.0961856	0.249555	1.10525	0.263924	1.36918	0.250728	0.126684	0.377411	1.20877	0.152196	1.36097	0.980038	0.129616	1.10965	0.439873	0.056597	0.49647	
2.2674	0.514065	2.78147	1.05628	0.22111	1.27739	0.0155422	0.126097	0.141639	0.14985	0.145451	0.295302	1.09675	0.204688	1.30144	0.119059	0.14897	0.268029	1.20672	0.156008	1.36273	0.998219	0.105276	1.1035	0.425211	0.0677405	0.492951	
1.13282	0.226975	1.35979	0.903206	0.192371	1.09558	0.0134894	0.108209	0.121698	0.152196	0.10381	0.256006	1.16127	0.222869	1.38413	0.119939	0.169205	0.289143	1.17563	0.195597	1.37123	0.937517	0.116127	1.05364	0.427264	0.0583565	0.48562	
1.13546	0.268029	1.40349	0.839571	0.222576	1.06215	0.0143692	0.164219	0.178589	0.151903	0.0920801	0.243983	1.08033	0.211726	1.29205	0.152783	0.125804	0.278586	1.14514	0.13724	1.28238	0.94866	0.107329	1.05599	0.426384	0.0551308	0.481515	
1.13135	0.249262	1.38062	0.865671	0.209673	1.07534	0.0155422	0.134894	0.150437	0.152489	0.225215	0.377705	1.0381	0.205567	1.24367	0.145745	0.124924	0.270669	1.16097	0.140466	1.30144	1.30554	0.158648	1.46419	0.446618	0.0583565	0.504975	
1.14455	0.269202	1.41375	0.869483	0.214658	1.08414	0.0161287	0.143399	0.159527	0.182108	0.0935464	0.275654	1.10027	0.241051	1.34132	0.152489	0.125511	0.278	1.24513	0.141053	1.38619	0.952766	0.109089	1.06185	0.458934	0.0674472	0.526382	
1.13927	0.229321	1.36859	0.914057	0.192958	1.10701	0.0161287	0.118179	0.134308	0.158354	0.0897341	0.248089	1.07652	0.202928	1.27944	0.119646	0.134015	0.25366	1.45686	0.160114	1.61697	1.20701	0.117593	1.32461	0.445445	0.0607025	0.506148	
1.20789	0.238118	1.44601	1.23252	0.214951	1.44748	0.0137827	0.142519	0.156302	0.192958	0.0914936	0.284451	1.0988	0.209966	1.30877	0.139586	0.12639	0.265977	1.27475	0.140759	1.41551	0.972706	0.107622	1.08033	0.442806	0.0571835	0.499989	
1.53252	0.300873	1.83339	0.916696	0.257179	1.17388	0.0155422	0.229907	0.245449	0.199996	0.123165	0.32316	1.12666	0.216711	1.34337	0.136947	0.175949	0.312897	1.21464	0.142812	1.35745	0.968014	0.110262	1.07828	0.461867	0.0609958	0.522863	
1.29733	0.243103	1.54044	0.921095	0.196183	1.11728	0.0131962	0.132842	0.146038	0.146038	0.102051	0.248089	1.11259	0.2085	1.32109	0.124338	0.138413	0.262751	1.27798	0.143105	1.42108	0.980624	0.111435	1.09206	0.606732	0.0876814	0.694413	
1.31845	0.261285	1.57973	0.874761	0.196183	1.07094	0.0140759	0.130202	0.144278	0.156595	0.0932531	0.249848	1.10086	0.230494	1.33135	0.13812	0.131669	0.269789	1.16625	0.166272	1.33252	0.969774	0.112021	1.0818	0.583858	0.0894409	0.673299	
