Using Best Grid Path: true
Using Waypoints: true
Using Best Waypoint Path: false
Heuristic: Manhattan Distance


0_WaypointTraversalTime	0_GridTraversalTime	0_TotalTraversalTime	1_WaypointTraversalTime	1_GridTraversalTime	1_TotalTraversalTime	2_WaypointTraversalTime	2_GridTraversalTime	2_TotalTraversalTime	3_WaypointTraversalTime	3_GridTraversalTime	3_TotalTraversalTime	4_WaypointTraversalTime	4_GridTraversalTime	4_TotalTraversalTime	5_WaypointTraversalTime	5_GridTraversalTime	5_TotalTraversalTime	6_WaypointTraversalTime	6_GridTraversalTime	6_TotalTraversalTime	7_WaypointTraversalTime	7_GridTraversalTime	7_TotalTraversalTime	8_WaypointTraversalTime	8_GridTraversalTime	8_TotalTraversalTime	
5.52539	1.01728	6.54268	2.29936	0.361283	2.66065	5.92451	0.913177	6.83768	6.42303	0.48474	6.90777	5.57378	0.465093	6.03887	5.06206	0.918162	5.98022	4.62307	1.55041	6.17347	2.33426	0.41524	2.7495	4.48729	0.82139	5.30868	
5.44475	0.831654	6.27641	2.37532	0.317295	2.69261	4.69345	0.720512	5.41396	7.14706	0.371546	7.51861	4.52483	0.352485	4.87731	4.45856	0.84397	5.30253	3.01255	0.887371	3.89992	2.05333	0.385915	2.43924	4.4043	0.876814	5.28112	
4.33099	0.924907	5.2559	1.85949	0.265977	2.12547	4.53891	0.753356	5.29226	14.8824	0.386795	15.2692	4.38202	0.351019	4.73304	4.40079	1.06889	5.46968	3.00697	1.10115	4.10812	2.37414	0.376238	2.75038	4.56207	0.836052	5.39812	
4.53245	0.831067	5.36352	1.81756	0.317882	2.13544	4.65533	0.771244	5.42657	5.182	0.392367	5.57437	4.36325	0.37008	4.73333	4.42454	0.899687	5.32423	2.98557	0.852768	3.83833	2.26857	0.357177	2.62575	4.50254	1.13223	5.63478	
4.3348	0.811126	5.14593	1.7897	0.27888	2.06858	4.67263	0.755996	5.42862	4.982	0.365975	5.34798	4.60019	0.38357	4.98376	4.40548	0.870069	5.27555	2.97589	0.826669	3.80256	2.56681	0.336356	2.90316	4.45826	0.854234	5.3125	
4.37263	0.757169	5.1298	2.67648	0.341928	3.01841	4.48847	0.747198	5.23567	4.85268	0.379171	5.23185	4.29228	0.361576	4.65386	10.3945	2.01697	12.4115	3.03601	0.844263	3.88027	3.44391	0.811713	4.25563	4.34155	0.780335	5.12188	
4.43686	0.777989	5.21484	1.87239	0.306445	2.17884	4.43128	0.844557	5.27584	4.78582	0.351605	5.13743	9.69187	0.364802	10.0567	4.42894	0.892063	5.321	4.71368	0.860685	5.57437	2.10817	0.359816	2.46798	5.99753	0.902913	6.90044	
4.3392	0.824909	5.16411	3.16357	0.316709	3.48028	4.62541	0.738987	5.3644	4.96412	0.396179	5.3603	4.44595	0.364508	4.81045	13.2507	2.58704	15.8378	6.04415	1.65158	7.69573	5.10429	0.329905	5.43419	4.348	0.790892	5.13889	
4.32718	0.753063	5.08024	1.85187	0.288264	2.14013	4.54594	0.689428	5.23537	4.83597	0.356591	5.19256	4.35035	0.347207	4.69755	4.44712	0.916989	5.36411	3.04334	0.824909	3.86825	2.07562	0.323747	2.39936	9.89949	1.67797	11.5775	
4.37703	0.810247	5.18728	1.83896	0.268029	2.10699	4.91602	2.07503	6.99105	11.8399	0.384156	12.2241	5.55091	0.384449	5.93536	7.15029	1.43164	8.58193	3.08205	0.837519	3.91956	2.24482	0.355418	2.60024	4.31193	0.852181	5.16411	
4.91661	0.953059	5.86967	1.82401	0.27712	2.10113	4.40548	0.787666	5.19314	4.75914	0.430196	5.18933	4.2744	0.380637	4.65503	4.56295	0.938103	5.50106	6.57376	1.78765	8.3614	6.11043	0.983263	7.09369	4.66794	0.842211	5.51015	
4.64829	0.85482	5.50311	1.85744	0.333424	2.19086	4.61017	0.86743	5.4776	6.00046	0.396179	6.39664	4.34565	0.375359	4.72101	4.57234	0.921974	5.49431	3.06797	1.03869	4.10666	2.22693	0.488259	2.71519	6.52156	1.29235	7.81391	
4.58055	0.820804	5.40135	1.89351	0.27624	2.16975	4.47762	0.733122	5.21074	5.36294	0.392367	5.7553	4.30049	0.379464	4.67996	4.42747	0.864498	5.29197	2.92897	0.886198	3.81517	2.09292	0.326386	2.4193	4.47117	0.796171	5.26734	
4.27674	1.09734	5.37408	2.23808	0.288557	2.52663	5.81102	0.748078	6.5591	5.65794	0.400871	6.05881	4.82336	0.697932	5.52129	5.41983	1.64395	7.06378	3.18468	0.939276	4.12396	2.08647	0.379171	2.46564	4.47205	1.11493	5.58698	
4.44536	0.810247	5.25561	1.8416	0.318175	2.15978	4.48026	1.07886	5.55912	4.78787	0.359816	5.14769	4.45562	0.378584	4.83421	10.7745	2.00787	12.7824	4.75884	0.931065	5.68991	2.98645	0.367441	3.35389	6.57493	0.886785	7.46172	
5.48111	0.830481	6.3116	1.86624	0.290903	2.15714	4.59462	0.727844	5.32247	4.88699	0.386209	5.2732	4.48671	0.379464	4.86617	4.3697	0.885905	5.25561	3.08703	0.869483	3.95651	2.07943	0.386209	2.46564	4.34214	0.812593	5.15473	
4.36736	0.808487	5.17584	4.03276	0.290316	4.32307	5.64885	2.09761	7.74646	7.98429	1.0557	9.03998	4.33744	0.368614	4.70606	4.248	0.885905	5.13391	3.0882	0.912297	4.0005	2.27532	0.340169	2.61549	4.41809	0.760394	5.17848	
4.4351	0.815818	5.25091	3.47998	0.336943	3.81693	4.46999	1.30994	5.77993	9.38367	0.467732	9.8514	11.0062	1.07593	12.0821	9.27927	2.51432	11.7936	4.78758	1.1425	5.93008	3.10081	0.379464	3.48028	6.39605	0.96127	7.35732	
4.46677	0.816405	5.28317	1.77709	0.287384	2.06447	4.48231	0.729896	5.21221	4.86177	0.38357	5.24534	4.31164	0.368027	4.67967	4.48231	0.89177	5.37408	2.93395	0.86919	3.80314	2.11902	0.35923	2.47825	4.44888	0.816405	5.26528	
4.37205	1.00203	5.37408	1.87503	0.272135	2.14717	4.41398	0.731949	5.14593	4.91192	0.360696	5.27261	4.49463	0.353658	4.84828	9.45757	2.2457	11.7033	4.07411	1.06449	5.1386	2.66446	0.636057	3.30052	5.3122	0.775643	6.08785	
4.32044	0.819044	5.13948	1.90319	0.295008	2.19819	4.60723	0.761567	5.3688	4.96822	0.394126	5.36235	4.31838	0.348673	4.66706	4.5782	0.907605	5.48581	3.2489	0.97124	4.22014	2.05597	0.342808	2.39878	4.56266	0.780628	5.34329	
4.46295	0.760394	5.22335	2.23632	0.303219	2.53954	4.4348	0.695	5.1298	4.87731	0.376532	5.25385	4.30343	0.375652	4.67908	7.3016	2.17033	9.47194	5.93096	0.893823	6.82478	2.1196	0.453363	2.57297	4.16677	0.76538	4.93215	
12.0036	0.838398	12.842	1.84659	0.294715	2.1413	5.24476	0.707609	5.95237	5.20898	0.517291	5.72627	5.53712	0.448084	5.98521	4.49023	0.93869	5.42892	3.06357	0.91435	3.97792	2.07151	0.326972	2.39848	4.37791	0.775057	5.15297	
4.22601	0.759515	4.98552	1.868	0.269202	2.1372	4.54829	0.691188	5.23948	5.45589	0.398232	5.85413	4.32073	0.367734	4.68846	4.39199	0.890597	5.28258	2.97882	0.860979	3.8398	4.77585	0.859806	5.63566	4.31633	0.807021	5.12335	
4.42835	0.812299	5.24065	1.96829	0.266856	2.23514	9.34877	1.46742	10.8162	4.90899	0.366561	5.27555	4.45592	0.34662	4.80254	8.41419	2.15626	10.5704	7.44705	2.11374	9.56079	2.69144	0.493538	3.18498	4.37469	1.0859	5.46059	
6.03389	0.862445	6.89633	1.84893	0.536939	2.38587	4.50929	0.74016	5.24945	5.17115	0.396179	5.56733	4.4351	0.384156	4.81925	4.39961	1.18824	5.58786	3.26914	0.874175	4.14331	2.04717	0.353072	2.40024	4.51809	0.786493	5.30458	
4.35357	0.779162	5.13273	1.7982	0.282985	2.08119	4.48231	0.750717	5.23303	4.80488	0.374186	5.17907	4.42337	0.37184	4.79521	4.37117	0.893236	5.2644	2.97501	0.930185	3.90519	2.14042	0.714941	2.85536	4.39873	0.780042	5.17877	
4.31281	0.759221	5.07203	1.81668	0.374186	2.19086	4.43598	0.685616	5.12159	4.81485	0.373306	5.18816	8.64615	0.86655	9.5127	4.44155	0.873002	5.31455	5.79284	0.834586	6.62742	3.81341	0.461574	4.27498	4.89872	0.769485	5.66821	
4.37381	0.823443	5.19725	1.88295	0.270375	2.15333	5.0691	0.755702	5.8248	4.73245	0.361869	5.09432	4.77644	0.34838	5.12482	4.36823	0.834	5.20223	7.57315	2.20054	9.77369	5.07262	0.858339	5.93096	4.23393	0.808194	5.04212	
4.52894	0.840451	5.36939	1.85978	0.273308	2.13309	4.58671	0.754236	5.34094	4.96558	0.359523	5.32511	4.87145	0.352485	5.22394	10.8191	0.890597	11.7097	3.12427	0.830774	3.95505	2.14541	0.329612	2.47502	4.37938	0.98209	5.36147	
4.34888	0.758928	5.10781	1.846	0.280053	2.12605	12.9396	0.690894	13.6305	4.90165	0.359523	5.26118	6.59047	0.378584	6.96906	6.11013	0.977985	7.08812	3.93305	0.904086	4.83714	3.21577	0.575354	3.79112	4.87262	0.801742	5.67437	
4.49228	0.879747	5.37203	2.15597	0.338409	2.49437	4.4914	0.736055	5.22745	4.89843	0.359523	5.25795	4.63568	0.385622	5.0213	5.32862	0.921681	6.25031	3.79376	1.1513	4.94506	5.15033	0.863031	6.01336	4.35504	0.774177	5.12922	
4.46911	0.796757	5.26587	1.81756	0.304099	2.12166	5.08875	0.772711	5.86146	4.83831	0.38181	5.22012	4.50606	0.374186	4.88025	4.56999	0.943968	5.51396	3.10726	0.946607	4.05387	2.15391	0.389434	2.54335	4.5653	1.04279	5.60809	
4.38554	0.830774	5.21631	1.94248	0.298527	2.24101	4.78611	0.749544	5.53566	4.82453	0.398525	5.22306	4.387	0.382103	4.76911	4.62776	1.34337	5.97113	3.02838	0.879747	3.90813	2.10846	0.382103	2.49056	4.56764	0.772124	5.33977	
4.37381	0.798223	5.17203	1.76536	0.282399	2.04776	4.74447	0.69324	5.43771	4.74154	0.502042	5.24358	4.35387	0.351019	4.70488	4.35563	0.875934	5.23156	3.17589	0.823736	3.99962	2.08764	0.32492	2.41256	4.32923	1.13986	5.46909	
4.33656	0.760101	5.09667	1.83544	0.28797	2.12341	9.49481	1.67123	11.166	4.80957	0.366268	5.17584	4.26061	0.348086	4.6087	4.42249	1.11581	5.5383	2.92428	0.828135	3.75241	2.22341	0.364802	2.58821	4.31692	0.828135	5.14505	
7.26319	0.792358	8.05555	1.88354	0.298234	2.18177	4.75943	0.827842	5.58727	7.38049	0.392074	7.77256	4.44771	0.40439	4.8521	8.75172	1.12168	9.8734	2.96592	1.17593	4.14185	2.02899	0.324626	2.35362	5.15004	0.840744	5.99078	
4.38172	0.772417	5.15414	1.81228	0.295888	2.10817	4.78934	0.743386	5.53273	4.8952	0.375945	5.27115	4.66794	0.39178	5.05972	8.01185	0.933998	8.94585	2.95829	0.834293	3.79259	5.90339	0.9947	6.89809	4.30225	0.818458	5.12071	
4.4782	0.77359	5.25179	1.77709	0.310257	2.08735	4.37586	0.809074	5.18493	4.98582	0.40527	5.39109	4.77204	0.377118	5.14916	4.45093	0.831361	5.28229	3.01313	0.891183	3.90432	4.88553	0.465093	5.35062	8.6658	0.889424	9.55522	
7.4233	0.774177	8.19748	1.84307	0.311137	2.15421	4.41985	0.98209	5.40194	4.95503	0.414947	5.36997	5.76205	0.489432	6.25148	6.92097	1.07652	7.99748	4.21369	1.28355	5.49724	2.46006	0.339289	2.79935	4.37263	0.841038	5.21367	
4.40958	0.817578	5.22716	1.78794	0.31407	2.10201	4.6175	0.738401	5.3559	4.79638	0.389728	5.18611	4.35592	0.367441	4.72336	4.31662	0.872122	5.18875	3.05096	0.863031	3.91399	2.09614	0.350726	2.44687	4.34859	0.786787	5.13537	
4.3829	0.80878	5.19168	1.78618	0.290316	2.0765	4.39023	0.727844	5.11807	4.76207	0.40439	5.16646	5.26499	0.374186	5.63918	4.67497	1.27798	5.95295	3.24275	0.95951	4.20226	2.10963	0.356591	2.46622	5.18347	0.800276	5.98374	
5.26704	0.818458	6.0855	1.85128	0.28885	2.14013	4.44917	0.729603	5.17877	4.7826	0.35747	5.14007	4.34184	0.348966	4.69081	4.88699	0.86831	5.7553	3.14187	0.91347	4.05534	2.15978	0.346913	2.50669	4.32865	0.819337	5.14798	
4.80224	0.820217	5.62246	1.84102	0.269789	2.11081	5.17496	0.72931	5.90427	12.403	0.910538	13.3135	8.24264	0.34662	8.58926	12.8598	2.57414	15.434	3.00551	0.869776	3.87528	2.24541	0.329025	2.57443	4.38818	0.785027	5.1732	
5.19197	1.16566	6.35764	4.54389	0.703211	5.2471	5.22804	0.756875	5.98492	4.91485	0.385915	5.30077	4.88083	0.352485	5.23332	4.39903	0.84397	5.243	3.38087	1.00438	4.38524	2.11784	0.388555	2.5064	4.75738	0.768312	5.52569	
7.66963	0.766553	8.43618	1.82782	0.265683	2.0935	4.68172	0.687375	5.36909	5.07145	0.362456	5.4339	4.78289	0.84397	5.62686	4.39287	1.00819	5.40106	3.1404	1.20643	4.34683	4.8043	0.980038	5.78433	10.1356	1.86154	11.9971	
4.57703	0.818751	5.39578	1.83515	0.311724	2.14687	4.426	0.736055	5.16206	4.83978	0.387675	5.22745	4.35709	0.372719	4.72981	5.97817	0.924907	6.90308	3.15448	0.887664	4.04214	2.57414	0.470078	3.04422	5.0301	1.05335	6.08345	
4.45562	0.801742	5.25737	1.79791	0.303219	2.10113	4.57879	0.761274	5.34006	4.97878	0.392367	5.37115	4.69609	0.392953	5.08904	4.39932	0.868017	5.26734	3.04862	0.890304	3.93892	2.08148	0.323747	2.40523	4.65239	0.797637	5.45003	
4.38026	0.815232	5.19549	1.87621	0.291489	2.1677	4.51427	0.699105	5.21338	9.97369	0.495884	10.4696	4.25944	0.371546	4.63099	12.9464	2.51666	15.463	4.24507	0.892356	5.13743	2.04424	0.325799	2.37004	4.26032	0.79881	5.05913	
4.31369	0.768898	5.08259	1.88266	0.318468	2.20113	4.44067	0.716407	5.15707	5.54885	0.402337	5.95119	4.34302	0.350139	4.69315	6.59223	1.41023	8.00247	3.23541	0.908192	4.14361	2.28617	1.15687	3.44303	9.31417	1.04719	10.3614	
5.89489	1.05658	6.95146	1.89615	0.272721	2.16887	4.49081	0.702624	5.19344	4.9474	0.404097	5.3515	4.35504	0.348673	4.70371	4.23305	0.882386	5.11543	4.48876	2.15802	6.64678	2.07444	0.384449	2.45889	4.32219	0.809953	5.13215	
4.33246	0.762154	5.09461	4.20372	0.698812	4.90253	4.67439	0.765086	5.43947	5.21426	0.398525	5.61278	4.67761	0.384156	5.06177	4.49785	0.853647	5.3515	3.06035	0.900567	3.96091	2.12987	0.395299	2.52517	4.54594	0.773004	5.31895	
4.56354	0.819924	5.38346	1.86037	0.293542	2.15391	4.8867	0.815232	5.70193	5.00312	0.385622	5.38874	4.91954	0.417586	5.33713	4.68054	1.14866	5.8292	3.11078	0.940156	4.05094	2.13602	0.330198	2.46622	4.22718	1.03165	5.25883	
4.3175	0.771244	5.08875	1.77533	0.309964	2.08529	4.78641	0.714941	5.50135	4.95561	0.392367	5.34798	4.39287	0.508787	4.90165	10.3977	2.17356	12.5713	3.11958	1.03634	4.15592	2.10259	0.336063	2.43866	10.5147	0.845143	11.3599	
4.49785	0.857166	5.35502	2.99818	0.448377	3.44655	4.92453	0.744852	5.66938	4.86295	0.368027	5.23097	4.4002	0.350139	4.75034	7.00718	0.927253	7.93443	2.96797	0.834586	3.80256	2.09497	0.384742	2.47971	4.72952	0.793531	5.52305	
4.45181	0.804088	5.2559	2.38323	0.329318	2.71255	4.52248	0.721685	5.24417	6.52361	0.367734	6.89135	4.53539	0.38093	4.91632	7.19867	1.44102	8.6397	2.96152	0.825202	3.78672	2.11432	0.331958	2.44628	4.32923	0.761274	5.09051	
7.90335	1.2642	9.16755	1.87415	0.290903	2.16506	5.02804	1.15569	6.18374	4.73949	0.357764	5.09725	4.45533	0.351605	4.80694	4.60987	0.839865	5.44974	3.87382	2.15186	6.02568	2.05919	0.329905	2.3891	4.49609	0.780335	5.27643	
4.43216	0.780628	5.21279	1.75685	0.297061	2.05391	4.41369	0.691188	5.10488	6.86202	0.386795	7.24882	4.9911	0.377411	5.36851	4.51281	0.927546	5.44035	5.67906	0.883852	6.56291	4.45914	0.442219	4.90136	4.33656	0.767139	5.1037	
4.90693	0.942795	5.84973	1.92811	0.310257	2.23837	6.14415	0.753943	6.89809	5.67788	0.367734	6.04562	7.15351	0.678285	7.8318	4.28759	0.881213	5.1688	5.60252	1.56888	7.1714	2.09145	0.349553	2.441	4.3348	0.874468	5.20927	
4.34947	0.783561	5.13303	1.84688	0.288264	2.13514	7.42917	0.76362	8.19279	9.06843	0.69324	9.76167	4.42161	0.386209	4.80781	8.45847	1.65803	10.1165	5.51806	1.62929	7.14735	2.13397	0.340462	2.47443	4.40489	0.876228	5.28112	
4.5524	0.758342	5.31074	1.86594	0.320228	2.18617	4.48495	0.737814	5.22276	5.01426	0.388848	5.40311	13.7308	1.40114	15.1319	13.4836	2.57091	16.0545	3.61664	1.04573	4.66236	3.85417	0.63723	4.4914	8.20158	1.20731	9.40889	
4.50694	0.836052	5.34299	2.25596	0.337823	2.59379	6.3679	0.82139	7.18929	4.92013	0.374479	5.29461	4.28642	0.349553	4.63597	4.3785	0.867137	5.24564	3.45594	0.932238	4.38818	2.08031	0.35835	2.43866	4.50108	0.785907	5.28698	
10.2957	1.85714	12.1528	1.89703	0.290316	2.18734	4.74887	0.776816	5.52569	4.77702	0.361283	5.13831	4.58729	0.380637	4.96793	4.48319	0.962443	5.44563	3.17735	0.904379	4.08173	2.31432	0.336356	2.65068	4.34448	0.79705	5.14153	
5.57525	0.780628	6.35588	1.84307	0.292369	2.13544	4.40342	0.904379	5.3078	6.85821	0.409375	7.26759	4.4087	0.349846	4.75855	4.31868	0.841038	5.15971	3.00228	0.835759	3.83804	2.20582	0.360403	2.56622	4.36765	0.843677	5.21133	
4.47938	0.804088	5.28346	1.84981	0.269789	2.1196	12.7792	2.11931	14.8985	4.90429	0.38093	5.28522	4.25621	0.382983	4.6392	4.36794	0.874468	5.24241	6.30749	2.50053	8.80802	2.32693	0.356297	2.68323	12.8314	2.31813	15.1495	
4.27733	0.869483	5.14681	1.88706	0.458348	2.3454	5.77671	0.746318	6.52303	5.68639	0.396766	6.08315	4.65298	0.371546	5.02453	4.8996	0.906139	5.80574	3.19436	0.93605	4.13041	2.08764	0.353072	2.44071	4.33275	0.820804	5.15356	
5.87876	0.851301	6.73006	1.88735	0.275067	2.16242	4.60841	0.783561	5.39197	4.94506	0.376238	5.32129	4.39023	0.37008	4.76031	4.4738	0.846316	5.32012	2.93953	0.829894	3.76942	2.0284	0.322867	2.35127	4.81251	0.841624	5.65413	
4.3612	0.763913	5.12511	1.83896	0.287384	2.12635	4.74125	0.955698	5.69695	12.3531	0.755702	13.1088	4.38906	0.387382	4.77644	4.45914	1.20819	5.66733	3.10814	0.914643	4.02279	3.98642	0.45219	4.43861	4.88113	0.799396	5.68052	
5.24769	0.825202	6.07289	2.09116	0.313483	2.40464	5.71894	1.14631	6.86525	5.09725	0.396472	5.49372	4.9996	0.380051	5.37965	4.27557	0.907605	5.18317	3.09553	0.877987	3.97352	2.08705	0.365388	2.45244	4.943	0.842211	5.78521	
4.54037	0.857166	5.39754	2.08647	0.312897	2.39936	4.42425	0.697639	5.12188	4.66676	0.380051	5.04681	4.30783	0.406443	4.71427	4.45328	0.833413	5.28669	3.00551	0.839865	3.84537	2.07884	0.357177	2.43602	4.52952	0.824616	5.35414	
5.00576	0.763913	5.76967	1.82196	0.265977	2.08793	9.27429	1.47944	10.7537	5.77788	0.365975	6.14386	4.2263	0.349553	4.57586	4.56178	0.871242	5.43302	3.33717	0.92608	4.26325	5.07555	0.854234	5.92979	4.26003	0.772124	5.03215	
5.66879	1.21493	6.88372	1.98002	0.276827	2.25684	5.68082	0.708196	6.38901	4.75767	0.367734	5.1254	4.3741	0.351605	4.72571	4.44741	0.843677	5.29109	3.39142	0.874175	4.2656	2.05333	0.330491	2.38382	8.90978	0.838398	9.74818	
4.3524	0.771538	5.12394	1.83105	0.343688	2.17473	4.51222	0.750131	5.26235	5.09432	0.361869	5.45619	4.35269	0.349259	4.70195	9.47194	2.37238	11.8443	3.03249	0.882386	3.91487	2.27502	0.360989	2.63601	4.34624	0.857166	5.20341	
4.62747	0.800276	5.42774	1.88706	0.292076	2.17913	4.51193	0.714941	5.22687	5.78199	0.356884	6.13887	4.58729	0.463333	5.05063	4.67879	0.895289	5.57407	7.43298	2.43074	9.86372	3.20374	0.35923	3.56297	4.39785	0.82315	5.221	
4.59228	0.827842	5.42012	1.84981	0.292662	2.14248	4.42864	0.731949	5.16059	4.81251	0.389141	5.20165	5.70164	0.376532	6.07817	4.48172	0.965375	5.4471	3.13307	1.07974	4.21281	2.12312	0.375359	2.49848	4.4826	0.836932	5.31953	
4.69579	0.854527	5.55032	1.82811	0.298821	2.12693	4.69081	0.738401	5.42921	4.83362	0.389728	5.22335	4.41076	0.384742	4.7955	4.63861	0.910538	5.54915	2.96885	0.902327	3.87118	2.12987	0.339582	2.46945	4.39316	0.790892	5.18405	
4.35093	0.868603	5.21954	1.79586	0.267443	2.0633	4.71192	0.713181	5.4251	5.22247	0.532833	5.7553	4.38524	0.349259	4.7345	4.47263	0.87916	5.35179	3.0404	0.870656	3.91106	2.0891	0.329025	2.41813	4.56647	0.810833	5.3773	
4.97203	0.908192	5.88023	3.25008	0.286211	3.53629	4.40108	0.74192	5.143	7.66465	0.361283	8.02593	4.27674	0.435181	4.71192	5.46557	0.931652	6.39722	3.17354	0.919628	4.09317	2.87912	0.363042	3.24216	4.36999	0.787666	5.15766	
4.39228	0.766553	5.15883	1.84542	0.291489	2.1369	4.43891	0.913763	5.35267	4.86177	0.358057	5.21983	4.26853	0.434888	4.70342	7.92652	2.19761	10.1241	3.03454	0.868603	3.90314	2.12136	0.330785	2.45215	4.24096	0.901447	5.14241	
8.02182	0.775936	8.79776	2.68939	0.275654	2.96504	6.04445	0.742213	6.78666	4.93978	0.440167	5.37994	4.2612	0.352485	4.61368	11.8033	0.997633	12.8009	2.99671	1.02461	4.02132	5.9163	0.995873	6.91217	4.30137	0.770658	5.07203	
4.35211	0.812299	5.16441	1.8853	0.264804	2.1501	5.22012	0.756875	5.977	4.83567	0.358057	5.19373	4.3524	0.346913	4.69931	4.26091	0.898514	5.15942	3.47705	0.907019	4.38407	2.15714	0.340462	2.4976	4.25006	0.823736	5.07379	
9.18338	1.95186	11.1352	1.79967	0.278586	2.07825	4.40255	0.687669	5.09021	4.86646	0.35747	5.22394	4.23099	0.37008	4.60107	4.71896	0.845143	5.5641	3.13718	1.72724	4.86441	4.63744	0.453949	5.09139	4.49111	0.831947	5.32305	
6.26673	1.71169	7.97842	2.11667	0.305565	2.42224	8.58926	1.50319	10.0925	6.39224	0.499696	6.89193	7.46377	0.407323	7.87109	5.12922	1.26859	6.39781	5.60193	1.61404	7.21597	3.81018	0.683563	4.49375	5.64328	0.79793	6.44121	
4.42982	0.888837	5.31865	1.83017	0.26627	2.09644	4.42131	0.682977	5.10429	5.09725	0.358937	5.45619	4.23569	0.343981	4.57967	4.45914	0.884732	5.34387	3.83071	0.832533	4.66324	2.60552	0.377705	2.98322	4.42366	0.787373	5.21103	
4.35768	0.782388	5.14007	1.89087	0.271255	2.16212	5.28053	1.57357	6.85411	11.1646	0.390901	11.5555	4.34595	0.355711	4.70166	5.48463	0.876228	6.36086	6.82097	1.63105	8.45202	2.41344	0.356884	2.77032	4.25416	0.804382	5.05854	
4.47938	0.785614	5.26499	5.33918	0.800863	6.14004	4.53744	0.732829	5.27027	10.8344	1.09177	11.9261	9.28485	1.0293	10.3141	4.46823	0.84485	5.31308	2.96211	0.879747	3.84185	2.93689	0.501456	3.43834	4.34507	0.777696	5.12276	
4.45269	0.920215	5.37291	1.86242	0.260405	2.12283	4.4175	0.687669	5.10517	5.938	0.554534	6.49253	4.49023	0.366561	4.85679	4.56706	0.908192	5.47525	3.95681	1.16713	5.12394	3.07559	0.538991	3.61459	4.63978	0.781215	5.421	
4.37263	0.829308	5.20194	1.86213	0.287384	2.14951	4.51691	0.712888	5.2298	4.96148	0.418759	5.38024	4.33686	0.348086	4.68494	4.45357	0.834	5.28757	2.98557	0.864498	3.85006	2.06535	0.323453	2.38881	4.32982	0.806141	5.13596	
4.44184	0.834586	5.27643	1.89351	0.302046	2.19555	4.48993	0.74192	5.23185	4.93714	0.363629	5.30077	4.63714	0.37096	5.0081	4.34683	0.844557	5.19138	3.0146	0.870069	3.88467	2.25743	0.379171	2.6366	5.58991	0.812886	6.4028	
4.35914	0.847196	5.20634	1.88442	0.278	2.16242	4.57116	0.753943	5.32511	4.84242	0.396179	5.2386	4.4524	0.378584	4.83098	5.0301	0.935171	5.96527	3.70109	1.67474	5.37584	2.82751	0.366854	3.19436	4.41633	0.819924	5.23625	
4.39287	0.819044	5.21191	1.81902	0.330491	2.14951	4.58319	0.739867	5.32305	4.7999	0.358937	5.15883	4.45768	0.348673	4.80635	4.409	0.877401	5.2864	2.94598	0.865377	3.81136	2.11462	0.327266	2.44188	4.34741	0.771831	5.11925	
4.24976	0.7645	5.01426	1.82811	0.266856	2.09497	4.41779	0.709955	5.12775	4.71896	0.382397	5.10136	4.42425	0.347207	4.77145	4.39873	0.881799	5.28053	2.9973	0.908778	3.90607	2.1369	0.358057	2.49496	4.61691	0.826082	5.44299	
5.00048	0.872415	5.87289	1.78765	0.289437	2.07708	4.55327	0.76274	5.31602	4.86471	0.390901	5.25561	5.10517	0.355124	5.46029	7.73327	0.952179	8.68544	3.01284	0.885905	3.89874	1.99878	0.411135	2.40992	4.4738	0.771831	5.24564	
4.31633	0.77359	5.08992	1.99439	0.290903	2.28529	4.32219	0.751597	5.07379	4.9386	0.382397	5.321	4.47879	0.377998	4.85679	10.3628	1.1683	11.5311	2.94891	0.824029	3.77294	2.46094	0.35923	2.82017	4.26501	0.788253	5.05326	
4.57673	0.826082	5.40282	4.48436	0.270669	4.75503	4.56794	0.70585	5.27379	7.3063	0.358643	7.66494	4.31222	0.395593	4.70782	4.2656	0.884439	5.15004	4.58465	0.83312	5.41777	2.06007	0.347793	2.40787	4.49463	0.814059	5.30868	
4.33568	0.788253	5.12394	1.80935	0.263044	2.07239	4.72013	0.774177	5.49431	5.24388	0.793238	6.03711	10.2945	0.855407	11.1499	4.79843	0.888544	5.68698	2.93835	0.884732	3.82309	2.16799	0.335477	2.50347	4.22132	0.763327	4.98464	
4.55591	0.759808	5.31572	1.90025	0.304979	2.20523	4.53568	0.752477	5.28816	4.77438	0.365388	5.13977	8.88544	0.820217	9.70566	10.8024	2.03955	12.842	3.00668	0.824909	3.83159	2.08412	0.377998	2.46212	6.31218	0.772124	7.08431	
4.48993	0.769485	5.25942	1.87386	0.275361	2.14922	6.772	1.02637	7.79837	4.98318	0.395886	5.37906	4.41046	0.399698	4.81016	4.72307	0.929306	5.65237	4.2178	1.25335	5.47114	3.31694	0.485913	3.80285	5.20898	0.828135	6.03711	
4.37469	0.809953	5.18464	1.78237	0.292076	2.07444	4.63187	0.732242	5.36411	4.76236	0.529607	5.29197	6.18403	0.518171	6.7022	4.6345	0.915523	5.55003	3.09671	0.94866	4.04537	2.03955	0.327266	2.36681	4.38084	0.791185	5.17203	
4.32894	0.908485	5.23742	1.86975	0.270082	2.13984	4.45181	0.701158	5.15297	6.59077	0.361576	6.95234	4.76705	0.370373	5.13743	4.45269	0.897928	5.35062	3.0363	0.824616	3.86091	2.15157	0.364215	2.51578	4.40518	0.78532	5.1905	
4.28319	0.804968	5.08816	1.84688	0.268616	2.1155	4.28407	0.748958	5.03303	4.76852	0.361576	5.1301	4.24478	0.344861	4.58964	4.48759	0.897341	5.38493	3.05741	0.885025	3.94244	2.24013	0.369494	2.60962	4.44008	0.965375	5.40546	
