Using Best Grid Path: true
Using Waypoints: true
Using Best Waypoint Path: true
Heuristic: Manhattan Distance


0_WaypointTraversalTime	0_GridTraversalTime	0_TotalTraversalTime	1_WaypointTraversalTime	1_GridTraversalTime	1_TotalTraversalTime	2_WaypointTraversalTime	2_GridTraversalTime	2_TotalTraversalTime	3_WaypointTraversalTime	3_GridTraversalTime	3_TotalTraversalTime	4_WaypointTraversalTime	4_GridTraversalTime	4_TotalTraversalTime	5_WaypointTraversalTime	5_GridTraversalTime	5_TotalTraversalTime	6_WaypointTraversalTime	6_GridTraversalTime	6_TotalTraversalTime	7_WaypointTraversalTime	7_GridTraversalTime	7_TotalTraversalTime	8_WaypointTraversalTime	8_GridTraversalTime	8_TotalTraversalTime	
709.811	1.00526	710.816	294.459	1.24367	295.702	951.383	0.883559	952.266	816.514	0.42697	816.941	716.888	0.394713	717.283	654.235	1.27974	655.515	383.536	0.629899	384.166	141.983	0.460694	142.444	749.882	0.941329	750.823	
860.512	1.65627	862.168	303.894	0.315243	304.209	912.059	0.855407	912.914	779.16	0.514358	779.675	708.169	0.482394	708.651	652.413	0.657757	653.071	368.809	0.622274	369.431	160.253	0.473304	160.726	795.626	0.917869	796.544	
807.462	0.926666	808.388	316.416	0.296181	316.712	973.691	1.22431	974.916	753.294	0.472131	753.766	801.37	0.962149	802.332	718.464	1.36273	719.827	363.318	0.676232	363.994	200.521	1.33927	201.86	866.679	0.941915	867.62	
833.853	2.2325	836.085	340.004	0.326972	340.331	913.491	0.814939	914.306	822.553	0.440167	822.994	847.226	0.444272	847.671	640.623	0.748958	641.372	404.633	1.55803	406.191	151.786	0.553654	152.339	850.217	1.00584	851.223	
768.048	1.27446	769.323	324.038	0.347793	324.385	955.756	1.4941	957.25	832.292	1.34572	833.637	828.633	0.499403	829.132	682.611	0.675352	683.287	362.315	0.692361	363.007	173.555	0.480048	174.035	867.793	0.958044	868.751	
836.649	0.940449	837.589	365.319	0.30058	365.619	843.861	0.939863	844.801	732.733	0.471544	733.204	834.726	0.424038	835.15	741.71	2.64804	744.358	359.884	0.680631	360.565	162.423	0.651892	163.075	862.099	1.15012	863.249	
817.079	0.979744	818.058	289.557	0.303513	289.86	929.942	1.04661	930.988	742.893	0.4387	743.332	845.126	0.40615	845.532	679.707	0.692947	680.4	324.49	0.963616	325.454	149.881	0.483274	150.364	759.971	1.03722	761.008	
774.712	1.00203	775.714	308.708	0.298234	309.006	1077.02	0.902033	1077.93	759.533	0.457761	759.991	867.288	0.480635	867.769	713.847	0.678871	714.526	323.893	0.692654	324.586	188.977	0.454536	189.431	847.401	0.916109	848.317	
830.861	0.947194	831.808	335.394	0.299994	335.694	872.196	0.893236	873.089	777.225	0.461867	777.687	776.832	0.431076	777.263	662.073	0.980038	663.053	326.274	1.15305	327.427	168.152	0.567143	168.72	899.461	0.905259	900.367	
834.95	1.10643	836.057	359.923	0.73019	360.653	907.878	0.835759	908.714	858.633	1.21493	859.848	756.663	0.84573	757.508	613.427	0.712301	614.139	340.748	1.53604	342.284	161.024	1.59762	162.621	801.253	1.07652	802.33	
853.291	1.26947	854.561	333.684	0.447791	334.132	859.2	1.53516	860.735	754.552	0.456295	755.008	753.628	0.410842	754.039	628.344	0.714061	629.058	371.976	0.74016	372.716	142.383	0.482688	142.866	793.439	0.924027	794.363	
836.344	0.999685	837.343	305.107	0.309084	305.416	908.784	1.24543	910.029	836.4	0.458641	836.859	775.256	0.535766	775.792	646.621	0.717873	647.339	385.805	0.655411	386.461	162.255	0.491485	162.746	826.499	0.943968	827.443	
901.77	1.87386	903.643	309.19	0.309671	309.5	888.244	1.23135	889.475	827.544	0.460987	828.005	721.572	0.60292	722.175	669.559	0.738987	670.298	363.059	0.701158	363.761	147.448	0.94954	148.398	831.582	1.06391	832.646	
887.177	1.05716	888.234	303.892	0.339289	304.231	924.834	0.829894	925.664	890.424	0.599987	891.024	813.374	0.460694	813.834	677.254	0.744559	677.998	369.226	0.731949	369.958	142.577	0.460987	143.038	768.927	0.916403	769.844	
815.38	1.01728	816.397	337.022	0.311137	337.333	882.223	1.09147	883.315	848.276	0.470078	848.746	748.522	0.422572	748.944	668.22	1.12226	669.343	358.108	0.703504	358.811	151.044	0.584445	151.629	834.171	1.00379	835.174	
787.477	1.19909	788.676	295.95	0.369494	296.319	814.582	1.53017	816.112	781.283	0.47301	781.756	681.04	1.05159	682.092	634.566	0.695	635.261	342.79	1.98705	344.777	152.039	0.502042	152.541	823.19	1.04983	824.24	
811.918	1.06273	812.981	272.896	0.355124	273.251	926.361	0.851008	927.212	720.353	1.22079	721.573	814.041	1.06948	815.111	676.058	1.6721	677.73	334.534	1.29763	335.831	154.901	0.538698	155.439	814.464	1.529	815.993	
760.027	1.01317	761.04	321.741	0.343101	322.084	1014.37	1.58794	1015.96	846.825	0.548082	847.373	873.794	0.455709	874.25	781.229	0.762447	781.992	411.248	0.78796	412.036	168.622	1.18678	169.809	812.186	0.991474	813.178	
768.922	1.88764	770.81	350.125	0.306738	350.432	925.028	0.885612	925.914	819.485	0.475063	819.96	822.29	0.462453	822.753	730.292	0.760688	731.052	322.079	0.709662	322.789	175.607	1.212	176.819	808.24	1.32079	809.561	
799.75	1.12871	800.878	286.84	0.306445	287.147	883.709	0.876814	884.586	831.125	1.3771	832.502	779.12	0.456882	779.577	668.47	0.69412	669.164	310.811	0.651012	311.462	162.199	0.518464	162.718	876.983	2.82633	879.809	
770.979	0.987955	771.967	276.175	0.332837	276.508	879.519	1.1683	880.687	827.865	0.448084	828.313	690.328	0.412015	690.74	733.606	0.747785	734.353	349.956	0.702918	350.659	199.337	0.571249	199.908	792.336	0.940449	793.277	
840.593	0.96039	841.553	361.646	0.419932	362.066	894.077	1.23106	895.308	726.001	0.535766	726.537	746.248	0.443979	746.692	803.771	0.777403	804.548	389.579	1.39117	390.97	170.866	0.465386	171.331	823.731	1.00702	824.738	
790.423	1.03077	791.453	324.691	0.308205	324.999	922.026	0.887958	922.914	836.681	0.455709	837.137	779.674	0.460107	780.134	655.014	2.14453	657.159	379.637	0.711715	380.349	149.545	0.877401	150.422	801.951	3.0709	805.021	
822.912	1.30496	824.217	366.948	0.377998	367.326	922.197	0.873882	923.071	705.445	1.74336	707.189	784.299	0.444272	784.743	623.175	0.765673	623.941	349.083	0.707903	349.791	197.281	0.482394	197.764	843.766	1.03957	844.805	
785.775	0.997633	786.773	361.682	0.384156	362.066	854.211	0.850422	855.061	785.667	0.68327	786.35	704.627	0.412308	705.039	632.478	0.755702	633.233	383.705	0.698519	384.403	148.974	0.652772	149.627	794.667	1.34894	796.016	
805.643	1.84659	807.49	312.674	0.309671	312.984	884.136	0.898514	885.035	707.842	0.472131	708.314	765.408	0.607025	766.015	651.198	0.690015	651.888	328.28	1.09763	329.377	212.143	1.09235	213.235	828.108	3.05008	831.158	
786.225	1.04924	787.274	323.831	0.323747	324.154	880.455	0.902033	881.357	768.219	0.744266	768.964	715.861	1.21141	717.072	621.105	0.751304	621.856	367.846	1.71052	369.557	140.487	0.458055	140.945	814.56	1.00115	815.561	
833.764	0.956578	834.72	302.448	0.331958	302.78	916.077	1.48413	917.562	826.876	0.465972	827.342	724.081	6.37259	730.454	678.345	0.968601	679.313	327.051	0.779749	327.831	188.036	1.09206	189.129	762.675	1.24953	763.924	
802.224	1.01288	803.236	284.253	0.456295	284.709	904.668	0.895875	905.564	735.09	0.483567	735.574	817.305	0.437527	817.742	639.572	0.709076	640.281	344.855	1.97855	346.834	147.056	0.481515	147.538	825.999	2.52047	828.52	
790.296	1.01288	791.309	284.424	0.306152	284.73	924.934	0.832827	925.766	732.93	0.490899	733.421	719.141	1.44425	720.586	658.833	1.03458	659.868	357.774	1.86946	359.643	153.699	0.495884	154.195	836.717	3.35154	840.069	
847.686	1.74806	849.434	312.087	0.309084	312.396	898.795	0.855407	899.651	823.099	0.48738	823.587	725.583	0.412308	725.996	654.44	0.74104	655.181	299.318	0.653358	299.972	170.287	0.478289	170.766	839.164	1.36273	840.526	
790.065	2.39907	792.465	333.385	0.308791	333.694	868.501	0.848955	869.35	730.635	0.70673	731.341	772.161	0.414654	772.576	808.865	0.737814	809.603	342.415	0.652479	343.067	173.265	0.517291	173.782	782.615	0.938983	783.554	
870.219	1.02578	871.245	331.106	0.491485	331.597	916.475	1.83075	918.306	773.388	0.51905	773.907	754.568	0.465386	755.033	682.063	0.732242	682.795	344.08	0.673886	344.754	149.022	0.534886	149.557	812.018	1.07329	813.091	
771.765	1.20819	772.973	315.187	0.355418	315.543	887.781	0.853061	888.634	772.664	0.511719	773.175	811.932	1.27417	813.207	659.398	0.746318	660.145	352.336	0.684736	353.021	159.264	0.477409	159.741	888.478	1.30818	889.786	
847.879	1.03927	848.918	313.271	0.353951	313.625	890.978	2.03192	893.01	786.588	0.494124	787.082	725.153	1.67386	726.827	636.67	0.751597	637.422	390.719	0.707316	391.426	152.125	0.460401	152.586	790.28	1.27593	791.555	
757.263	1.04573	758.309	301.595	0.304686	301.9	933.979	0.842211	934.821	811.891	0.468905	812.359	700.604	0.42961	701.034	669.897	2.02518	671.922	323.563	0.910831	324.474	153.152	0.48738	153.639	766.95	1.92928	768.879	
810.799	0.932531	811.731	295.206	0.855993	296.062	917.743	0.853647	918.596	797.946	0.556586	798.502	758.461	0.436941	758.898	654.101	1.70495	655.806	404.12	0.734588	404.855	156.873	0.590896	157.464	830.146	1.36243	831.509	
743.129	0.994993	744.124	322.081	0.336063	322.417	871.547	0.829894	872.377	770.18	0.450137	770.63	786.493	0.414361	786.907	705.502	2.06594	707.568	327.751	0.671247	328.422	182.744	0.466266	183.21	831.851	0.933411	832.784	
765.841	0.93781	766.779	276.478	0.306445	276.784	857.942	1.43017	859.372	813.757	0.496764	814.254	773.693	0.4865	774.18	676.727	0.877987	677.605	312.479	1.2727	313.752	144.672	0.532247	145.205	854.319	0.960976	855.28	
759.265	1.24748	760.512	299.163	0.309378	299.472	933.407	0.854234	934.262	763.334	0.829015	764.163	733.31	0.41524	733.726	633.905	0.812886	634.717	332.736	0.691774	333.427	149.082	0.460987	149.543	778.413	1.10789	779.521	
807.336	0.975052	808.311	296.287	0.308205	296.595	864.9	2.33221	867.232	790.595	0.487673	791.082	743.787	0.41788	744.205	693.564	0.689135	694.253	324.011	0.745732	324.756	152.013	0.490019	152.503	809.769	0.971827	810.741	
783.838	0.997633	784.835	322.792	0.346913	323.139	901.069	1.57621	902.645	830.063	0.484154	830.547	772.9	0.923734	773.824	801.385	0.757462	802.142	339.572	2.07034	341.642	157.981	0.461574	158.443	838.14	1.0123	839.152	
936.245	0.978865	937.224	332.299	1.08649	333.386	828.262	1.70524	829.968	830.258	0.780335	831.039	732.986	0.414067	733.4	776.954	0.76538	777.719	393.825	0.745439	394.571	153.071	0.53078	153.602	885.759	0.996753	886.756	
886.812	1.03194	887.844	357.022	0.316122	357.338	854.614	1.53721	856.151	739.231	0.447205	739.678	714.381	0.458934	714.84	693.01	1.08883	694.099	316.024	0.70585	316.73	152.482	0.460401	152.943	828.44	1.51316	829.953	
852.393	0.959217	853.352	326.54	0.564797	327.105	832.062	0.927253	832.989	720.139	0.448377	720.588	780.635	0.416413	781.052	650.01	0.748371	650.758	341.244	0.719926	341.964	191.95	0.505268	192.455	854.846	1.01317	855.859	
782.501	0.934877	783.436	294.247	0.375065	294.622	793.817	0.846903	794.664	780.204	0.451603	780.656	754.603	0.431369	755.034	688.957	0.778576	689.736	348.583	0.713474	349.297	158.038	0.457761	158.496	867.713	1.00291	868.716	
848.873	0.984436	849.857	309.697	0.38357	310.081	864.247	0.911124	865.158	782.799	0.487673	783.287	727.728	0.414947	728.143	649.832	1.65891	651.491	344.29	0.722858	345.013	161.027	0.495884	161.523	769.607	0.960976	770.568	
749.446	1.59175	751.038	352.682	0.434595	353.116	926.202	0.886785	927.089	801.414	0.446325	801.861	788.184	0.480635	788.665	641.444	1.07036	642.514	359.131	0.654238	359.785	158.415	0.482981	158.898	792.965	0.955698	793.921	
821.181	0.985023	822.166	320.498	0.360989	320.859	823.943	2.53572	826.478	732.392	0.492365	732.884	765.514	0.454536	765.968	647.932	0.73928	648.671	349.341	0.732242	350.074	148.633	0.485327	149.118	793.767	0.917282	794.684	
839.378	1.74952	841.127	283.22	0.307032	283.527	855.153	0.931065	856.084	830.126	0.526382	830.652	778.301	1.21816	779.519	666.902	0.691481	667.594	401.108	0.702624	401.81	141.202	0.459228	141.661	824.53	1.03869	825.569	
804.145	1.80201	805.947	329.251	0.358937	329.61	850.298	0.902327	851.2	785.387	0.507321	785.895	799.388	0.417586	799.806	652.49	0.69412	653.184	342.577	0.653358	343.23	152.984	0.492365	153.476	810.855	1.70026	812.555	
752.58	0.957458	753.538	305.059	0.701158	305.76	828.548	0.875348	829.423	731.629	0.492951	732.122	743.704	0.422865	744.127	681.013	0.743386	681.756	319.576	0.712595	320.289	142.639	1.11112	143.75	877.543	0.914057	878.457	
778.211	0.995287	779.206	304.263	0.785907	305.049	930.902	1.11962	932.022	730.438	0.46304	730.901	739.705	0.417586	740.122	716.36	0.75277	717.113	366.893	0.674766	367.568	148.445	0.638403	149.083	820.21	1.53105	821.741	
856.206	1.03957	857.245	328.717	0.342808	329.06	817.753	0.885318	818.638	799.768	2.14365	801.912	727.755	0.419053	728.174	624.017	0.709369	624.727	348.049	0.703211	348.753	156.035	0.522863	156.558	805.363	0.939276	806.302	
814.186	1.00907	815.195	313.196	0.351019	313.547	826.553	0.829894	827.383	720.394	1.3683	721.763	722.995	0.448964	723.444	713.72	0.745439	714.466	309.752	0.686496	310.439	161.723	0.490899	162.214	853.237	0.973586	854.21	
747.286	1.07124	748.357	298.413	0.369787	298.783	852.249	0.89265	853.142	836.012	0.502922	836.515	774.865	0.433129	775.298	634.321	0.744266	635.066	333.281	0.707023	333.988	136.644	0.536059	137.18	782.161	0.971827	783.133	
787.376	2.44628	789.822	335.392	0.307911	335.7	935.778	1.99849	937.777	755.238	0.448964	755.687	748.644	0.431369	749.075	641.527	0.75101	642.278	332.886	0.69588	333.582	142.706	0.52169	143.227	820.696	0.969187	821.665	
788.666	1.26038	789.926	353.242	0.907312	354.149	893.333	0.916989	894.25	797.503	1.12432	798.627	790.247	1.23751	791.484	615.8	0.735761	616.535	370.408	0.722272	371.13	151.259	0.478875	151.738	814.918	0.988835	815.907	
795.368	1.36683	796.735	322.012	0.332251	322.344	938.248	0.995873	939.244	812.82	0.497937	813.317	750.853	0.460107	751.313	651.927	0.74192	652.669	408.59	0.725791	409.316	159.173	0.461574	159.635	815.963	1.01435	816.977	
811.954	1.45217	813.406	349.392	0.331371	349.723	959.862	0.831947	960.694	735.758	0.468025	736.226	739.611	0.583858	740.195	697.89	0.707316	698.598	396.166	0.717873	396.884	154.507	0.466559	154.973	750.772	0.917282	751.689	
771.149	2.84012	773.989	397.708	0.332544	398.04	939.848	0.861565	940.709	753.802	0.536939	754.339	717.7	0.812593	718.513	678.128	0.70497	678.833	329.2	0.656584	329.857	162.183	0.738694	162.922	805.234	1.00144	806.236	
748.28	0.958631	749.239	319.915	0.599401	320.514	852.031	0.830188	852.861	824.597	0.447498	825.044	838.757	0.479169	839.236	666.16	0.770071	666.93	338.927	0.709955	339.637	189.028	0.485034	189.513	737.955	1.75803	739.713	
756.914	0.962736	757.877	356.778	0.33401	357.112	827.188	2.51109	829.699	772.451	0.480635	772.931	791.703	0.41612	792.119	659.635	0.762154	660.398	373.364	1.41522	374.779	182.828	0.46392	183.292	802.829	1.00262	803.832	
860.016	1.89028	861.906	308.048	0.790306	308.838	859.886	0.935464	860.821	840.999	0.664209	841.664	742.694	0.45219	743.147	634.221	0.694413	634.915	341.437	0.709076	342.146	184.052	1.1771	185.229	901.132	0.9947	902.127	
793.559	1.03898	794.598	330.136	0.350726	330.487	860.256	0.892063	861.148	807.767	0.47477	808.242	848.258	0.410548	848.668	715.562	0.73019	716.293	349.81	0.717873	350.528	187.381	0.507027	187.888	903.905	0.962149	904.867	
794.394	1.34191	795.735	352.702	0.338116	353.04	875.969	1.10496	877.074	806.164	0.665088	806.829	783.865	0.614063	784.479	742.514	0.780922	743.295	337.685	0.740747	338.426	223.96	0.521396	224.481	870.439	1.03194	871.471	
799.257	1.02432	800.282	310.563	0.922268	311.485	891.324	1.12021	892.445	809.006	0.550428	809.556	880.485	1.22255	881.708	715.303	0.762154	716.065	394.92	0.721099	395.641	204.317	1.74483	206.062	822.652	2.64833	825.3	
793.167	1.18561	794.353	294.873	0.417	295.29	921.429	0.872415	922.301	792.111	1.329	793.44	849.975	0.412894	850.388	671.038	0.732829	671.771	338.528	0.671247	339.199	177.873	0.48562	178.358	828.237	0.985903	829.223	
760.557	0.979158	761.536	312.105	0.335477	312.441	984.621	0.973	985.594	820.362	0.489139	820.851	835.987	0.460107	836.447	750.179	0.858633	751.038	420.476	1.66976	422.146	152.243	0.51084	152.754	866.545	1.02754	867.572	
897.692	1.06215	898.754	310.787	0.313776	311.101	865.043	0.938396	865.982	748.809	0.68239	749.492	774.738	0.453949	775.192	650.502	0.706143	651.208	340.414	0.655411	341.07	151.076	0.466559	151.542	811.788	1.19558	812.984	
844.209	1.31933	845.529	317.552	0.314656	317.866	901.295	0.913177	902.208	745.933	0.626086	746.559	728.31	1.22813	729.538	675.657	0.694707	676.352	384.976	1.99351	386.97	174.848	0.520223	175.368	761.768	0.930479	762.699	
805.175	0.933704	806.108	310.361	0.324626	310.686	918.93	1.04514	919.976	667.056	0.450137	667.506	791.993	0.413481	792.407	651.527	0.744266	652.271	376.183	0.840158	377.024	158.106	0.481221	158.587	734.066	0.980331	735.046	
854.821	1.07241	855.893	280.997	0.323747	281.321	878.924	0.900567	879.825	721.786	0.491778	722.277	966.194	0.488259	966.683	631.586	0.736055	632.322	325.372	0.8557	326.228	146.799	0.505268	147.304	770.229	0.975639	771.205	
766.682	1.01552	767.697	314.913	0.330491	315.244	955.285	0.878867	956.164	794.568	0.475356	795.043	782.401	0.6255	783.026	758.065	0.732829	758.798	378.361	0.685616	379.047	149.959	0.521983	150.481	777.97	0.995287	778.965	
894.475	1.08385	895.559	328.689	0.326386	329.015	923.396	1.09792	924.494	764.161	0.477116	764.638	747.6	0.435181	748.035	655.309	0.732536	656.042	373.77	1.09323	374.863	170.227	0.489432	170.716	854.471	1.6724	856.144	
908.576	0.990595	909.566	344.356	0.322867	344.679	938.668	2.15362	940.822	777.541	0.477409	778.019	778.636	0.453363	779.089	692.082	0.731069	692.813	378.769	0.692947	379.462	165.965	0.508787	166.474	817.201	1.55832	818.759	
798.001	1.01083	799.012	299.163	0.333717	299.496	854.827	0.878867	855.706	758.652	0.484447	759.136	761.302	0.436061	761.738	687.703	0.742506	688.445	326.568	0.889131	327.458	154.489	0.486793	154.976	838.35	1.20613	839.556	
877.297	1.02402	878.321	286.275	0.325799	286.6	890.536	0.881506	891.417	746.204	0.701745	746.905	822.411	0.860392	823.272	768.488	0.824909	769.313	439.348	1.70231	441.05	191.222	0.745145	191.967	798.636	0.998806	799.635	
723.016	0.939276	723.955	295.226	0.354831	295.58	837.2	1.22255	838.423	694.121	0.621688	694.743	685.73	0.463626	686.194	598.726	0.746318	599.473	305.825	0.815525	306.641	146.86	0.491778	147.352	708.597	0.976225	709.573	
708.607	0.963322	709.57	284.646	0.312897	284.959	786.559	0.884145	787.444	742.779	0.529901	743.309	664.619	0.436648	665.055	601.513	0.732536	602.246	317.086	0.85746	317.944	151.78	0.487966	152.268	813.363	1.01112	814.374	
730.173	1.02901	731.202	287.752	0.789133	288.541	756.148	0.876521	757.025	691.862	0.502042	692.364	668.944	0.606145	669.55	663.183	0.758635	663.942	301.694	0.711715	302.406	144.076	0.460694	144.536	736.557	0.927253	737.485	
700.887	0.936637	701.824	296.843	0.326093	297.169	785.275	0.881506	786.156	708.77	0.47477	709.244	734.984	0.413481	735.398	602.552	0.761274	603.314	304.015	0.707609	304.723	145.166	0.504681	145.67	742.391	0.976225	743.368	
719.085	0.990301	720.075	290.272	0.308498	290.581	798.064	0.906139	798.97	691.076	0.678285	691.754	679.303	0.436941	679.74	604.448	0.699692	605.148	342.032	0.693534	342.725	144.299	0.485327	144.784	741.162	0.973	742.135	
721.906	1.06948	722.975	286.61	0.735761	287.346	777.21	0.887371	778.098	682.641	0.493245	683.134	702.922	0.469491	703.391	648.801	1.00291	649.804	327.118	0.690015	327.808	154.926	0.472131	155.398	738.475	1.07417	739.549	
731.6	1.00438	732.605	293.981	0.324626	294.305	786.608	0.875348	787.483	692.655	0.451603	693.106	691.803	0.454829	692.258	599.695	0.743972	600.439	299.725	0.687962	300.413	139.953	0.524036	140.477	739.017	0.916109	739.933	
730.451	0.991768	731.443	277.141	0.326972	277.468	783.137	0.9035	784.041	704.714	0.725204	705.439	685.939	0.41612	686.355	591.383	0.771538	592.155	332.554	0.822856	333.377	152.022	0.48562	152.507	699.13	0.978278	700.109	
691.761	0.985023	692.746	291.919	0.79881	292.717	799.61	1.42959	801.04	697.748	0.47477	698.222	687.698	0.435181	688.133	571.052	0.772711	571.824	319.55	0.692947	320.243	139.865	0.525209	140.391	708.545	0.964789	709.509	
718.101	1.0642	719.165	299.411	0.488553	299.9	775.727	0.876228	776.604	713.326	1.05042	714.377	679.234	0.443979	679.678	579.405	0.737228	580.142	298.363	0.687375	299.05	142.608	0.516704	143.125	740.969	0.975052	741.945	
697.743	1.03927	698.782	267.941	0.336943	268.278	781.721	0.904379	782.626	730.121	0.506148	730.627	710.36	0.440167	710.8	577.655	0.745145	578.401	330.351	0.68327	331.035	168.244	0.506734	168.751	699.742	0.98209	700.724	
709.04	0.983263	710.023	275.426	0.330785	275.757	781.342	0.901447	782.243	676.531	0.507907	677.039	681.675	0.436061	682.111	571.73	0.732242	572.462	302.257	0.695586	302.952	141.372	0.492658	141.865	696.593	0.970067	697.563	
697.815	1.08355	698.898	309.759	0.325506	310.085	776.07	0.883266	776.953	667.642	0.455709	668.097	663.454	0.458641	663.913	588.115	0.760101	588.875	315.178	0.655998	315.834	137.139	0.485034	137.624	719.434	0.980331	720.414	
729.676	1.00702	730.683	278.557	0.309964	278.867	808.515	0.858926	809.374	728.192	0.48562	728.677	696.397	0.420812	696.818	619.342	0.723445	620.066	332.162	0.780628	332.942	141.86	0.488846	142.349	697.048	0.975639	698.024	
699.763	0.980917	700.744	274.151	0.338996	274.49	811.444	0.89089	812.335	691.474	0.472131	691.946	665.791	0.460987	666.252	590.353	0.732242	591.086	324.886	0.723152	325.609	137.123	0.487086	137.61	701.424	0.973293	702.397	
694.96	0.973	695.933	302.561	0.790599	303.352	807.163	0.884439	808.047	677.861	0.482394	678.343	702.037	1.11083	703.147	575.883	0.725204	576.608	294.194	0.688548	294.882	165.899	0.488259	166.388	722.787	1.06596	723.853	
700.372	0.987076	701.359	283.915	0.340755	284.256	773.927	0.873295	774.801	718.11	0.479462	718.589	675.133	0.480048	675.613	637.706	0.959217	638.666	308.752	0.692067	309.444	148.071	0.467439	148.538	732.673	0.968601	733.642	
682.301	0.992354	683.293	293.201	0.332544	293.534	769.526	0.836932	770.363	698.186	0.488553	698.674	688.512	0.451896	688.964	594.495	0.926373	595.422	311.346	0.69324	312.039	151.012	0.487966	151.5	734.347	1.112	735.459	
726.481	0.997633	727.479	270.468	0.361576	270.829	779.383	0.906432	780.29	695.488	0.481221	695.97	653.809	0.444859	654.253	580.006	0.73019	580.736	308.427	0.69588	309.123	143.8	0.510253	144.31	708.26	1.60378	709.864	
724.288	0.981797	725.27	275.947	0.341635	276.289	797.103	1.09792	798.201	659.633	0.496177	660.129	673.72	0.460401	674.18	591.267	0.948367	592.215	347.315	0.689721	348.005	149.259	0.520223	149.779	718.314	1.22343	719.537	
743.049	0.999979	744.049	267.028	0.316709	267.345	813.493	0.892356	814.385	690.45	0.503215	690.953	698.274	0.577114	698.851	596.805	0.742799	597.548	320.206	0.708489	320.915	162.188	0.492658	162.68	756.416	1.01171	757.427	
701.466	0.93605	702.402	272.802	0.342221	273.145	801.337	0.861565	802.198	712.929	0.472717	713.402	668.872	0.447791	669.32	601.733	0.734882	602.468	301.435	0.687375	302.123	136.405	0.494124	136.899	702.164	0.994407	703.158	
734.256	1.0076	735.263	268.285	0.333131	268.618	802.902	0.886785	803.789	697.361	0.481808	697.843	694.153	0.417293	694.57	589.775	0.75101	590.526	304.454	0.689428	305.144	139.614	0.497057	140.111	734.755	0.970947	735.726	
