Using Best Grid Path: true
Using Waypoints: true
Using Best Waypoint Path: true
Heuristic: Pure Distance


0_WaypointTraversalTime	0_GridTraversalTime	0_TotalTraversalTime	1_WaypointTraversalTime	1_GridTraversalTime	1_TotalTraversalTime	2_WaypointTraversalTime	2_GridTraversalTime	2_TotalTraversalTime	3_WaypointTraversalTime	3_GridTraversalTime	3_TotalTraversalTime	4_WaypointTraversalTime	4_GridTraversalTime	4_TotalTraversalTime	5_WaypointTraversalTime	5_GridTraversalTime	5_TotalTraversalTime	6_WaypointTraversalTime	6_GridTraversalTime	6_TotalTraversalTime	7_WaypointTraversalTime	7_GridTraversalTime	7_TotalTraversalTime	8_WaypointTraversalTime	8_GridTraversalTime	8_TotalTraversalTime	
226.571	0.948953	227.52	1.2771	0.283278	1.56038	238.303	0.78708	239.09	20.7512	0.348966	21.1001	2.95126	0.350139	3.3014	30.1932	0.673886	30.8671	17.7011	0.610251	18.3113	10.1681	0.384156	10.5523	294.813	0.875641	295.689	
248.322	1.00086	249.323	1.26273	0.275947	1.53868	249.897	0.800276	250.697	21.0468	0.379757	21.4265	3.01548	0.400871	3.41635	34.0172	0.596175	34.6133	14.4824	0.629899	15.1123	10.7983	0.385622	11.1839	225.496	0.958337	226.454	
251.905	2.67238	254.577	1.30056	0.296475	1.59703	244.275	0.731656	245.007	31.0788	0.372426	31.4512	3.01988	0.325506	3.34538	41.0381	0.576527	41.6147	21.4875	0.57946	22.067	10.4531	0.38269	10.8358	277.428	1.39059	278.819	
233.623	0.859219	234.482	2.75771	0.799983	3.5577	245.244	1.20555	246.45	44.5331	0.36011	44.8932	3.22926	0.356884	3.58614	41.6425	0.722272	42.3648	15.5064	0.610251	16.1167	10.5168	0.433422	10.9502	281.898	0.89265	282.791	
262.138	1.51522	263.653	1.28824	0.668021	1.95626	260.263	0.874761	261.138	20.3412	0.330198	20.6714	3.03513	0.343981	3.37911	32.5533	0.603799	33.1571	13.5551	1.16654	14.7217	18.4275	0.413774	18.8412	224.682	0.902033	225.584	
257.636	0.941622	258.577	2.28001	0.433129	2.71314	239.793	0.726671	240.519	19.3896	0.329905	19.7195	2.95976	0.350432	3.31019	29.5554	0.585031	30.1404	21.0614	0.622274	21.6837	10.92	0.588257	11.5083	255.695	1.45305	257.148	
225.07	1.25276	226.323	1.30056	0.285331	1.58589	235.705	0.742506	236.447	20.1178	0.337236	20.455	3.00932	0.342515	3.35183	29.202	0.571835	29.7738	20.0483	0.914057	20.9623	17.8694	0.862445	18.7319	268.618	2.55948	271.177	
291.395	2.6539	294.049	2.34159	0.279173	2.62077	223.002	0.743679	223.745	30.809	0.393247	31.2023	3.03073	0.629312	3.66004	29.7337	0.594415	30.3281	13.5719	0.571542	14.1434	10.2303	0.38269	10.613	235.024	0.900567	235.925	
229.824	0.853941	230.678	1.30936	0.27888	1.58824	256.442	0.798223	257.24	20.3412	0.382983	20.7242	3.21665	0.355711	3.57236	29.5563	0.618462	30.1747	13.8188	0.670953	14.4897	10.3347	0.422572	10.7572	224.427	2.22488	226.652	
246.011	1.50906	247.52	2.03691	0.422572	2.45948	236.683	2.24335	238.926	32.7301	0.333424	33.0635	3.01665	0.331958	3.34861	38.7256	0.639283	39.3648	13.9381	0.606145	14.5443	12.4631	0.414067	12.8771	236.612	1.34396	237.956	
247.539	0.907312	248.447	1.28678	0.274774	1.56155	251.959	0.829894	252.788	29.1354	0.339289	29.4747	2.94862	0.329905	3.27852	28.9539	0.67242	29.6263	13.8487	0.604679	14.4534	23.9634	0.484154	24.4476	216.528	0.885905	217.414	
299.543	1.02197	300.565	3.27647	0.699105	3.97557	234.935	0.73928	235.674	41.473	0.447791	41.9208	7.19222	0.967721	8.15994	30.0301	1.74776	31.7779	13.8639	0.607025	14.471	10.2951	0.401458	10.6965	242.948	0.936637	243.884	
233.343	0.924614	234.267	1.25423	0.353951	1.60818	255.153	1.02813	256.181	19.7559	0.340755	20.0966	3.07941	0.325506	3.40491	28.9572	0.660396	29.6175	13.6636	0.571835	14.2355	10.3684	0.444565	10.813	292.474	1.13487	293.608	
298.604	0.871242	299.476	1.31493	0.287384	1.60231	304.36	0.761274	305.121	20.4515	0.371253	20.8227	8.77811	0.97212	9.75023	30.9386	0.63811	31.5767	14.3504	1.28091	15.6313	10.0951	0.410255	10.5053	230.618	0.928719	231.547	
269.925	1.41844	271.343	1.30525	0.294715	1.59997	215.757	0.761861	216.519	19.6013	0.382103	19.9834	3.03073	0.351312	3.38204	36.1303	0.597934	36.7282	13.7716	0.626966	14.3985	10.5279	0.403804	10.9317	241.378	0.972706	242.35	
268.775	0.937517	269.712	1.2466	0.270962	1.51756	228.009	0.801449	228.811	21.0034	0.360696	21.3641	3.0275	0.328732	3.35623	29.1349	0.638989	29.7738	13.7047	0.559519	14.2642	17.39	0.408789	17.7987	258.59	1.64894	260.239	
222.767	0.923734	223.691	3.72807	0.788546	4.51662	240.096	0.747198	240.843	39.6209	0.361283	39.9821	8.86403	1.40994	10.274	36.0242	0.752477	36.7766	13.9669	0.598228	14.5651	10.2625	0.396766	10.6593	243.891	0.843384	244.735	
213.948	0.8557	214.804	1.40994	0.356884	1.76682	254.463	0.803502	255.266	31.5759	0.460694	32.0366	3.39494	0.351899	3.74684	30.5369	0.577993	31.1149	14.3912	0.579753	14.9709	10.1919	0.377705	10.5696	260.449	0.883852	261.333	
234.755	0.852181	235.607	2.27942	0.494418	2.77384	245.912	1.05452	246.967	21.4943	0.367734	21.862	3.06738	0.325506	3.39289	29.2413	0.590896	29.8322	13.5842	0.606439	14.1906	10.7842	0.421692	11.2059	266.617	1.63017	268.248	
247.123	0.907605	248.03	1.27123	0.299114	1.57035	316.146	0.777403	316.924	35.7127	0.33489	36.0476	3.38233	0.357177	3.73951	31.3225	0.620808	31.9433	13.8545	0.835466	14.69	19.5503	0.460694	20.011	218.473	0.906725	219.379	
264.019	0.883559	264.903	1.76272	0.327852	2.09057	222.165	1.05628	223.221	31.28	0.981797	32.2618	3.01636	0.329905	3.34626	30.1982	0.57682	30.775	13.9334	0.617875	14.5513	10.5781	0.379464	10.9575	287.509	0.89177	288.4	
222.136	0.921681	223.058	1.27094	0.304686	1.57563	233.806	0.783268	234.589	20.1582	0.353658	20.5119	3.03923	0.324626	3.36386	28.6202	0.571835	29.192	14.3798	0.553947	14.9337	10.449	0.429023	10.8781	237.132	0.890597	238.023	
245.118	0.986782	246.105	1.2812	0.285331	1.56654	224.112	0.749837	224.862	19.6571	0.346327	20.0034	3.05888	0.323747	3.38263	29.975	0.609078	30.5841	13.5519	0.594709	14.1466	10.4575	0.413774	10.8713	318.655	0.908192	319.563	
208.84	0.889131	209.73	1.30642	0.284451	1.59088	220.919	1.03634	221.955	19.8201	0.325799	20.1459	2.94011	0.319348	3.25946	28.4533	0.574475	29.0278	24.7015	0.819924	25.5214	10.7983	0.437821	11.2361	235.585	0.846316	236.432	
231.075	0.86743	231.942	1.43047	0.295302	1.72577	252.821	2.23954	255.06	19.728	0.329905	20.0579	3.41078	0.975346	4.38612	41.8865	1.67064	43.5571	21.6429	0.630192	22.2731	11.003	0.536352	11.5393	254.808	0.916696	255.725	
239.318	0.873295	240.192	1.24865	0.283572	1.53223	254.598	0.899981	255.498	34.0277	0.408496	34.4362	3.55799	0.404683	3.96267	30.851	0.600867	31.4518	16.395	0.585618	16.9806	10.1681	0.948367	11.1165	249.801	2.5498	252.35	
228.687	0.959217	229.646	1.36361	0.512012	1.87562	227.187	0.788546	227.975	36.2939	0.968601	37.2625	8.85172	0.977105	9.82882	36.8118	0.615236	37.4271	13.6106	0.582392	14.193	12.4921	0.726377	13.2185	225.49	1.29323	226.783	
322.387	0.907898	323.295	1.26273	0.271548	1.53428	239.309	0.770365	240.079	32.5961	0.330198	32.9263	4.75239	0.514652	5.26704	42.2088	0.595295	42.8041	14.8718	1.48032	16.3521	10.2121	0.400578	10.6127	264.115	1.54689	265.662	
239.447	0.944848	240.392	1.53047	0.281812	1.81228	221.003	0.779749	221.783	20.2922	0.329905	20.6221	2.97002	0.351899	3.32192	29.4648	0.617289	30.0821	13.6267	0.551015	14.1777	10.4658	0.389434	10.8552	255.53	0.895582	256.425	
272.764	0.849835	273.614	1.29851	0.284745	1.58325	239.471	0.757462	240.228	26.8138	0.352778	27.1666	3.19055	0.348673	3.53922	29.1284	0.617289	29.7457	23.2367	0.575354	23.8121	20.4142	0.64896	21.0632	257.64	0.904966	258.545	
245.336	2.47267	247.808	3.37823	0.362456	3.74068	242.887	0.737228	243.625	19.526	0.77359	20.2996	8.39396	0.343981	8.73794	33.1315	0.593242	33.7248	13.8499	0.609664	14.4595	10.2696	0.424038	10.6936	271.19	0.879747	272.07	
224.287	0.899101	225.186	1.27974	0.281519	1.56126	279.736	1.16801	280.904	19.8899	0.329025	20.2189	3.28409	0.349553	3.63365	29.6425	0.577114	30.2196	13.8499	0.576234	14.4261	10.2089	0.674766	10.8836	265.574	1.03986	266.614	
240.023	0.875055	240.898	1.28619	0.253367	1.53956	237.744	0.776523	238.52	20.4438	0.343101	20.7869	3.50227	0.351605	3.85388	28.9677	0.609664	29.5774	21.001	0.55688	21.5579	13.1757	0.75101	13.9267	270.832	2.57238	273.405	
234.575	0.91259	235.488	3.62221	0.764793	4.387	244.924	0.732829	245.657	19.8817	0.35835	20.24	7.39896	0.840158	8.23912	30.5618	0.621101	31.1829	21.8036	1.68383	23.4875	13.6062	0.377411	13.9836	241.496	0.850422	242.346	
266.731	1.40408	268.135	1.24924	0.274188	1.52343	243.429	1.41932	244.848	36.7543	1.00291	37.7573	5.45179	0.45219	5.90398	33.5031	0.621981	34.1251	14.3692	0.598228	14.9674	10.2089	0.402631	10.6115	228.948	2.38998	231.338	
247.184	1.65686	248.84	1.52695	0.282105	1.80905	237.489	1.53164	239.02	24.113	0.36011	24.4731	3.21665	0.363042	3.57969	29.6489	0.593829	30.2428	13.7466	0.617582	14.3642	13.1821	0.424918	13.607	238.305	0.904086	239.209	
234.82	0.847196	235.667	1.23722	0.290903	1.52812	232.175	0.780628	232.956	25.5088	0.329318	25.8382	3.03366	0.338409	3.37207	31.619	0.591483	32.2105	14.146	0.710542	14.8566	12.6818	0.633418	13.3153	234.822	0.881506	235.703	
235.643	0.850128	236.493	1.42079	0.282105	1.7029	232.054	0.748078	232.802	19.4207	0.328145	19.7488	3.06093	0.325213	3.38614	32.3764	0.571542	32.948	20.8397	1.8375	22.6772	10.4018	0.413188	10.815	231.255	0.864791	232.12	
234.165	0.968014	235.133	1.27358	0.273308	1.54689	258.101	0.770071	258.871	19.6486	0.355711	20.0043	3.0404	0.33665	3.37705	33.3512	0.651306	34.0025	18.6061	1.36654	19.9726	11.3549	0.409082	11.764	258.811	0.90262	259.713	
248.005	2.08089	250.086	1.26361	0.366268	1.62988	256.057	0.737521	256.795	23.8948	0.442806	24.3376	3.01049	0.336943	3.34744	29.0827	0.616116	29.6988	14.0704	0.596175	14.6665	10.9616	0.512892	11.4745	244.597	0.835466	245.432	
224.851	1.8199	226.671	1.39616	0.3475	1.74366	263.191	0.808487	263.999	27.9217	0.326093	28.2478	2.92398	0.370373	3.29436	28.9398	0.595588	29.5354	17.9726	0.587084	18.5597	10.7769	0.404097	11.181	226.372	1.20701	227.579	
243.538	0.905259	244.443	1.56624	0.31143	1.87767	245.707	0.743972	246.451	19.8312	0.349259	20.1805	3.00199	0.35923	3.36122	37.2816	1.13165	38.4133	26.5185	0.788839	27.3073	15.8774	0.404097	16.2815	268.393	1.71287	270.106	
261.602	0.936637	262.539	1.32021	0.283278	1.60348	219.182	0.737228	219.919	24.064	0.927839	24.9918	3.04334	0.340755	3.38409	40.5419	1.65774	42.1997	14.7478	0.558639	15.3064	10.2405	0.426091	10.6666	248.502	0.910244	249.412	
233.861	0.877987	234.739	1.36625	0.290316	1.65656	244.472	0.798517	245.27	20.0814	0.351899	20.4333	3.00404	0.350432	3.35447	29.0167	1.33956	30.3562	13.4106	0.599694	14.0103	10.6323	0.379464	11.0118	240.685	0.837519	241.522	
270.568	1.06743	271.636	1.26742	0.306152	1.57357	261.236	2.22459	263.461	20.1881	0.326386	20.5145	3.02516	0.348086	3.37324	29.2756	0.632831	29.9085	14.1018	0.586791	14.6885	10.1945	0.432835	10.6273	309.413	0.860099	310.273	
236.093	0.9035	236.996	2.76094	0.849542	3.61048	231.181	0.723738	231.905	20.2163	1.02109	21.2374	5.48815	1.00584	6.494	30.7093	0.617582	31.3269	14.8736	0.604972	15.4786	10.6869	0.401751	11.0886	223.605	0.926666	224.532	
262.042	0.888837	262.931	1.35833	0.34574	1.70407	234.986	2.20318	237.189	42.7164	0.378584	43.095	3.24656	0.374772	3.62133	29.8612	0.592949	30.4542	13.9877	0.575941	14.5636	10.1622	0.442513	10.6048	276.466	0.866844	277.332	
233.633	0.894116	234.527	1.41053	0.284745	1.69527	267.722	0.780042	268.502	20.089	0.324626	20.4136	3.019	0.338702	3.3577	29.1874	0.572422	29.7598	13.8924	0.592656	14.485	10.5505	0.381224	10.9317	233.587	0.86831	234.455	
249.641	1.07094	250.712	1.39968	0.290903	1.69058	286.745	0.766553	287.512	19.3409	0.629019	19.97	3.10492	0.351605	3.45652	48.2356	0.981797	49.2174	14.1853	0.572715	14.758	10.1329	0.377998	10.5109	290.141	1.07358	291.215	
227.244	1.02784	228.272	1.30965	0.282105	1.59175	225.975	0.801156	226.776	30.6099	0.562451	31.1724	5.65648	0.448084	6.10456	31.882	0.660983	32.543	14.3897	0.57682	14.9665	10.2414	0.407616	10.649	240.256	0.924027	241.18	
228.873	1.69205	230.565	1.79762	0.283278	2.08089	229.651	1.19968	230.851	22.3652	0.330198	22.6954	3.0665	0.363335	3.42984	35.4822	0.616116	36.0983	17.1102	0.562158	17.6723	17.6407	0.379464	18.0201	246.902	1.04631	247.949	
202.409	0.866257	203.275	5.1037	0.438994	5.5427	274.621	0.791772	275.413	19.5494	0.998512	20.5479	3.02897	0.32228	3.35125	28.805	0.610544	29.4155	18.6732	0.571542	19.2447	10.0622	0.42961	10.4919	247.037	1.55569	248.592	
254.024	0.969481	254.993	2.19057	0.674179	2.86475	299.113	2.21608	301.329	57.2143	0.403217	57.6175	4.36032	0.853647	5.21396	32.5019	0.639869	33.1418	14.1583	0.641335	14.7997	11.0083	0.422572	11.4308	223.01	0.877694	223.888	
256.879	0.897928	257.777	5.30517	0.657171	5.96234	285.84	1.16039	287	26.676	0.492072	27.168	3.10463	0.33665	3.44128	29.914	0.577407	30.4914	19.4228	0.589723	20.0125	10.3241	0.387675	10.7118	250.958	1.02461	251.983	
264.688	1.36654	266.054	1.30672	0.283865	1.59058	243.604	1.06273	244.667	20.0905	0.33489	20.4254	3.06562	0.344861	3.41048	29.7014	0.619342	30.3208	14.1067	0.550135	14.6569	10.5795	0.417293	10.9968	268.251	2.52663	270.778	
211.099	0.921974	212.021	1.51698	0.337823	1.8548	236.642	1.65158	238.294	29.8381	0.402337	30.2404	6.26614	0.677698	6.94384	37.8965	0.577407	38.474	14.1132	0.596468	14.7097	10.2048	0.413481	10.6182	303.818	0.85746	304.676	
253.822	1.06655	254.888	1.85157	0.382983	2.23456	234.844	0.739867	235.584	27.2633	0.364215	27.6276	2.98029	0.341635	3.32192	31.7292	0.654531	32.3838	15.9137	0.56861	16.4823	16.9093	1.28824	18.1976	247.877	0.91435	248.792	
232.279	0.912004	233.191	1.35598	0.499696	1.85568	254.949	0.748371	255.697	34.094	0.56861	34.6626	3.01167	0.325506	3.33717	29.826	0.640162	30.4662	15.8533	0.563331	16.4167	10.3241	0.380344	10.7045	230.22	0.910244	231.13	
243.943	0.897635	244.841	1.26508	0.27888	1.54396	223.502	1.83456	225.337	27.334	0.961563	28.2956	6.69927	0.342808	7.04208	29.2947	0.640749	29.9354	13.6199	0.582685	14.2026	12.7335	1.39498	14.1284	279.428	0.836052	280.264	
257.27	0.940449	258.211	2.66241	0.552481	3.21489	236.936	0.762447	237.698	34.5092	0.328732	34.838	3.00727	0.342221	3.34949	30.0592	0.629605	30.6888	14.8041	0.593242	15.3973	11.8698	0.410548	12.2804	247.981	3.02955	251.011	
229.719	0.954818	230.673	1.32285	0.282692	1.60554	263.864	0.732536	264.597	22.6198	0.366561	22.9863	7.47462	0.823736	8.29836	43.0929	0.625207	43.7181	15.8533	0.593829	16.4472	12.193	0.415827	12.6088	241.078	0.853647	241.932	
220.732	0.863618	221.596	1.2639	0.272428	1.53633	248.208	2.2542	250.463	32.3046	0.327559	32.6321	3.03278	0.3475	3.38028	29.0398	0.627259	29.6671	13.8765	0.574475	14.451	13.685	0.434888	14.1199	239.973	2.6061	242.579	
286.583	0.952766	287.536	1.36273	0.303219	1.66595	258.522	0.776523	259.298	21.0515	0.331664	21.3831	2.99143	0.341048	3.33248	32.5418	0.597055	33.1389	13.4293	0.599694	14.029	14.3715	0.436061	14.8076	232.028	0.886785	232.914	
240.119	0.894702	241.014	1.54953	0.316416	1.86594	246.58	0.719926	247.3	33.6585	0.368321	34.0268	2.9756	0.322574	3.29817	46.6776	0.627553	47.3051	13.8663	0.60116	14.4674	10.1593	0.415827	10.5751	242.899	0.836346	243.736	
236.057	0.933411	236.99	1.30027	0.275654	1.57592	247.675	0.768605	248.443	20.8303	0.362162	21.1925	3.03161	0.321694	3.3533	29.1252	0.593242	29.7184	13.9739	1.68266	15.6566	12.8241	0.378878	13.2029	306.204	2.16623	308.37	
230.557	1.08502	231.642	1.30466	0.285918	1.59058	244.065	0.723445	244.789	19.5975	0.343394	19.9409	3.3926	0.324626	3.71722	35.3814	0.591776	35.9731	14.9237	0.572129	15.4959	11.3329	0.385329	11.7182	269.193	1.00086	270.194	
264.941	0.850128	265.791	1.25305	0.281812	1.53486	218.778	1.04103	219.819	19.4251	0.330198	19.7553	2.99202	0.376238	3.36826	33.16	0.581219	33.7412	14.4208	0.60204	15.0228	10.2883	0.383863	10.6722	225.736	0.870069	226.606	
221.766	1.60671	223.373	1.26918	0.288557	1.55774	250.657	0.747198	251.404	47.501	0.961563	48.4626	5.19021	0.398818	5.58903	32.9691	0.641922	33.611	14.3214	0.589137	14.9105	10.1479	0.411428	10.5593	238.673	0.858633	239.532	
239.765	0.960976	240.726	1.42988	0.287384	1.71727	212.11	0.864498	212.974	31.477	0.336356	31.8134	7.16084	0.821097	7.98194	29.5747	0.688255	30.263	13.963	0.588257	14.5513	10.3018	0.381517	10.6833	331.642	0.843384	332.485	
223.076	0.864791	223.941	2.07737	0.818458	2.89583	240.475	0.726671	241.202	19.7236	0.327852	20.0515	2.95448	0.328439	3.28292	33.4116	1.47035	34.882	13.9196	0.621101	14.5407	10.6517	0.404683	11.0564	236.081	0.841331	236.922	
237.705	0.956285	238.662	1.30936	0.280932	1.59029	248.755	0.739574	249.495	19.1471	0.700278	19.8474	2.94744	0.363042	3.31049	29.2563	1.75949	31.0158	20.262	0.568316	20.8303	18.6025	1.17241	19.7749	259.904	0.839278	260.743	
221.69	0.850422	222.54	3.85915	0.861272	4.72043	269.397	0.742799	270.14	29.5454	0.497643	30.0431	3.01167	0.465093	3.47676	28.651	0.985316	29.6363	14.8844	0.598521	15.483	11.5616	0.429023	11.9907	294.944	0.897048	295.841	
230.402	1.03605	231.438	1.35422	0.259818	1.61404	248.973	1.07417	250.047	20.5828	0.486793	21.0696	3.2794	0.415827	3.69523	36.6212	0.575648	37.1969	14.0273	0.626673	14.6539	11.2842	0.619342	11.9036	230.813	0.980624	231.794	
262.724	0.910244	263.635	1.37622	0.259818	1.63604	245.322	2.2111	247.533	43.9272	0.51993	44.4471	4.67967	0.510253	5.18992	38.3443	0.772417	39.1168	14.7299	0.558932	15.2888	18.2905	0.855114	19.1456	251.398	0.861565	252.26	
230.356	0.919922	231.276	1.27563	0.280639	1.55627	240.985	1.61844	242.604	21.8579	0.333717	22.1916	2.98058	0.774763	3.75534	32.7301	0.626673	33.3568	13.8545	0.558346	14.4129	9.9863	0.40615	10.3924	285.921	1.17945	287.1	
261.321	1.53398	262.854	1.66038	0.533126	2.1935	270.241	0.77623	271.017	20.2831	0.3475	20.6306	3.02779	0.347793	3.37559	31.6677	0.665088	32.3327	14.4012	0.604972	15.0061	10.4933	0.40439	10.8977	247.192	0.846023	248.038	
231.963	0.917576	232.88	1.52988	0.300873	1.83075	250.083	0.745732	250.829	29.5621	0.377998	29.9401	2.99612	0.327559	3.32368	32.3864	0.577407	32.9638	14.1727	0.554534	14.7273	10.3792	0.399991	10.7792	256.361	0.840744	257.202	
241.258	1.70055	242.958	1.33399	0.307911	1.6419	247.763	1.30877	249.072	21.2271	0.377998	21.6051	3.1492	0.354831	3.50403	29.7129	0.592656	30.3055	14.0935	0.551894	14.6454	10.3411	0.384742	10.7259	249.871	0.87916	250.751	
218.27	0.887664	219.158	1.3768	0.294422	1.67123	251.911	1.77122	253.683	33.7996	0.372426	34.172	3.03102	0.324333	3.35535	28.9783	0.58943	29.5677	13.9516	0.564211	14.5158	10.5147	0.397939	10.9127	252.615	0.98209	253.597	
250.183	0.858633	251.041	1.31346	0.295888	1.60935	243.387	0.733709	244.12	32.6477	0.350726	32.9984	3.09378	0.354538	3.44831	28.8126	0.640162	29.4527	24.3411	0.599694	24.9408	10.3892	0.385622	10.7748	247.563	0.953939	248.517	
234.482	2.78997	237.272	3.3014	0.789426	4.09082	330.652	0.780922	331.432	30.236	0.364215	30.6002	6.17318	0.692947	6.86613	30.5639	0.577407	31.1413	13.6953	0.548962	14.2443	10.4526	0.393247	10.8458	237.173	1.16566	238.338	
249.433	0.933118	250.366	1.36243	0.275654	1.63809	252.545	1.97679	254.522	19.6626	0.928426	20.5911	3.01079	0.35835	3.36914	28.7202	0.615823	29.336	14.0759	0.593829	14.6698	17.8122	0.573595	18.3858	235.965	0.934877	236.9	
244.397	1.03341	245.431	1.32988	0.271548	1.60143	240.478	1.00115	241.479	25.6018	0.399112	26.0009	3.24099	0.99558	4.23657	36.6315	0.629605	37.2611	16.8973	0.703504	17.6008	12.7164	0.635177	13.3516	285.204	0.943968	286.148	
258.749	0.947194	259.696	1.59117	0.340169	1.93134	293.111	0.816112	293.927	26.0478	0.367441	26.4153	3.09231	0.359523	3.45183	29.47	0.583272	30.0533	14.612	0.574181	15.1862	10.3115	0.411721	10.7232	290.127	0.863031	290.99	
227.193	0.96039	228.154	1.66419	0.285624	1.94981	237.834	0.737814	238.572	19.2515	0.748371	19.9999	2.93483	0.321987	3.25682	37.1485	0.594415	37.7429	14.9794	0.572715	15.5522	11.9827	0.380637	12.3634	247.814	0.854527	248.669	
230.908	0.873588	231.781	1.28091	0.267443	1.54835	324.405	1.12784	325.533	19.7377	0.367441	20.1051	3.02897	0.342808	3.37178	29.3756	0.598521	29.9741	13.9932	0.593242	14.5865	10.0825	0.419639	10.5021	231.646	2.88616	234.532	
248.031	0.890597	248.921	1.27651	0.274188	1.5507	258.495	0.836052	259.331	21.235	0.408789	21.6438	2.99818	0.340755	3.33893	29.6187	0.603213	30.2219	14.1604	0.614943	14.7753	10.8675	0.560105	11.4276	247.134	0.899981	248.034	
289.474	0.89001	290.364	1.251	0.288264	1.53926	247.438	0.720806	248.159	37.4614	0.350139	37.8115	3.43277	0.331371	3.76414	42.734	0.592949	43.3269	13.8537	0.564504	14.4182	10.5951	0.384742	10.9798	242.62	1.49762	244.118	
239.543	0.902913	240.446	1.75451	0.326679	2.08119	251.479	0.726964	252.206	19.5248	0.329025	19.8538	3.47324	0.325799	3.79904	29.8953	0.585325	30.4806	13.6249	0.554827	14.1798	10.3517	0.400578	10.7523	241.013	0.873588	241.886	
222.976	0.900567	223.877	1.42519	0.278293	1.70348	252.921	0.768605	253.689	19.6186	0.328732	19.9474	3.34304	0.329025	3.67206	32.9409	0.591776	33.5327	13.8751	0.615236	14.4903	10.4746	0.409375	10.8839	267.212	0.939863	268.152	
271.904	0.892356	272.796	1.34865	0.278586	1.62724	230.844	0.731069	231.575	31.8313	0.329025	32.1603	2.99642	0.338702	3.33512	33.0245	1.05511	34.0796	14.2953	0.654238	14.9495	9.9775	0.411135	10.3886	256.012	0.947194	256.959	
231.641	0.865377	232.506	1.26771	0.258352	1.52607	273.635	1.33721	274.972	24.9555	0.736934	25.6924	4.53157	0.368614	4.90019	30.2043	0.616996	30.8213	14.0874	0.612597	14.7	10.2693	0.398232	10.6675	274.437	0.896168	275.333	
241.964	0.891477	242.856	1.50935	0.318762	1.82811	245.116	0.786787	245.902	19.4521	0.326679	19.7788	3.07941	0.344861	3.42427	69.3862	0.645441	70.0316	26.8507	0.611717	27.4625	12.4739	0.438407	12.9123	242.682	1.24513	243.927	
234.362	0.873002	235.235	3.85681	0.773297	4.63011	229.455	0.786787	230.242	35.489	0.413481	35.9025	3.6574	0.396766	4.05417	35.3743	0.691481	36.0658	23.7813	0.584152	24.3655	10.1925	0.52081	10.7133	233.803	0.887371	234.69	
260.583	0.860392	261.443	1.35012	0.344567	1.69469	248.357	0.752477	249.11	19.6591	0.355711	20.0148	3.01812	0.351605	3.36972	33.3304	0.615823	33.9462	14.1897	0.578873	14.7686	10.5218	0.420226	10.942	234.62	0.879453	235.5	
285.102	1.16713	286.269	1.33721	0.275361	1.61258	231.492	0.759221	232.251	20.8136	0.347207	21.1608	2.95829	0.344567	3.30286	28.9481	0.570662	29.5187	14.0686	0.569489	14.6381	10.4268	0.405856	10.8326	248.149	0.910538	249.059	
215.507	0.899687	216.407	1.75128	0.328145	2.07943	282.75	0.776816	283.527	19.8779	0.359816	20.2377	3.08205	0.32404	3.40609	30.4079	0.612597	31.0205	14.4205	0.606439	15.027	10.4449	0.385329	10.8303	249.449	1.06831	250.518	
226.934	0.954818	227.889	1.31639	0.285331	1.60173	220.388	0.729896	221.118	20.0761	0.326386	20.4025	5.31162	1.05599	6.36761	34.087	0.757169	34.8441	25.1954	0.564211	25.7596	10.7514	0.402337	11.1537	235.768	0.895875	236.664	
226.733	0.848076	227.581	1.90319	0.291489	2.19467	241.235	0.804088	242.039	20.9248	0.350726	21.2755	3.29055	0.353658	3.6442	30.5164	0.634297	31.1507	20.7383	0.55424	21.2925	10.2622	0.381224	10.6435	258.328	0.879747	259.208	
266.059	0.848662	266.907	1.38619	0.273894	1.66008	271.14	0.745439	271.886	19.7664	0.329905	20.0963	3.02809	0.342221	3.37031	29.2243	0.597055	29.8214	14.1642	0.785027	14.9492	17.7043	0.384742	18.0891	229.792	1.48677	231.279	
235.784	0.872709	236.657	2.63015	0.621688	3.25184	259.85	1.65539	261.506	34.3635	0.341928	34.7054	3.02662	0.367441	3.39406	29.8574	0.690308	30.5477	24.0922	0.618169	24.7103	9.91445	0.389434	10.3039	263.657	0.904966	264.562	
