Using Best Grid Path: true
Using Waypoints: true
Using Best Waypoint Path: false
Heuristic: Stanford Distance


0_WaypointTraversalTime	0_GridTraversalTime	0_TotalTraversalTime	1_WaypointTraversalTime	1_GridTraversalTime	1_TotalTraversalTime	2_WaypointTraversalTime	2_GridTraversalTime	2_TotalTraversalTime	3_WaypointTraversalTime	3_GridTraversalTime	3_TotalTraversalTime	4_WaypointTraversalTime	4_GridTraversalTime	4_TotalTraversalTime	5_WaypointTraversalTime	5_GridTraversalTime	5_TotalTraversalTime	6_WaypointTraversalTime	6_GridTraversalTime	6_TotalTraversalTime	7_WaypointTraversalTime	7_GridTraversalTime	7_TotalTraversalTime	8_WaypointTraversalTime	8_GridTraversalTime	8_TotalTraversalTime	
9.89216	1.23516	11.1273	1.80759	0.292662	2.10025	4.94036	0.759221	5.69958	6.14122	0.390314	6.53153	5.64944	0.382397	6.03184	4.58201	0.68415	5.26616	3.09143	0.669487	3.76092	3.02105	0.52169	3.54274	4.89022	0.834879	5.7251	
4.53392	0.907605	5.44153	1.81374	0.395886	2.20963	4.44741	0.748958	5.19637	5.2949	0.400871	5.69577	4.26032	0.349553	4.60987	5.0084	0.929306	5.9377	3.1316	0.636057	3.76766	2.04072	0.338702	2.37942	4.42425	0.811713	5.23596	
4.35093	0.757169	5.1081	1.84952	0.293835	2.14336	4.40401	0.708782	5.11279	4.90869	0.417	5.32569	4.2222	0.345154	4.56735	4.39345	0.673593	5.06705	3.09788	0.604679	3.70256	2.13427	0.326093	2.46036	4.68289	0.761567	5.44446	
4.36237	0.797344	5.15971	1.83456	0.292662	2.12723	4.61075	0.7862	5.39695	9.26197	0.381224	9.6432	4.35709	0.345447	4.70254	4.49814	0.663329	5.16147	3.13659	0.621981	3.75857	2.20992	0.372426	2.58235	4.4392	0.85482	5.29402	
4.31633	0.817871	5.1342	1.87034	0.270375	2.14072	4.34067	0.721099	5.06177	5.66791	0.368027	6.03594	4.34976	0.373892	4.72365	8.41742	1.7158	10.1332	3.68819	0.649546	4.33774	2.7105	0.457468	3.16797	5.82949	1.06009	6.88959	
5.43801	0.819044	6.25705	1.92782	0.296768	2.22459	4.50166	0.69324	5.1949	4.78084	0.408789	5.18962	4.33392	0.347207	4.68113	4.31252	0.609958	4.92248	3.63335	0.635177	4.26853	2.25156	0.365095	2.61666	10.2444	0.962443	11.2068	
4.26237	0.837812	5.10018	2.00758	0.269496	2.27708	4.42747	0.680044	5.10752	4.83421	0.373599	5.20781	10.6813	1.02168	11.703	4.42513	0.609958	5.03508	3.1146	0.629899	3.74449	2.11872	0.331958	2.45068	4.24419	0.814645	5.05884	
4.95385	0.949247	5.9031	4.6392	0.304392	4.94359	8.76902	0.731656	9.50068	6.13535	0.435768	6.57112	4.85356	0.395593	5.24915	6.2506	0.894702	7.1453	3.64186	0.791772	4.43363	2.09644	0.361869	2.45831	4.79667	1.46654	6.26321	
4.64682	0.824909	5.47173	1.93925	0.312017	2.25127	4.54858	0.73019	5.27877	5.67788	0.420812	6.0987	4.43891	0.385915	4.82482	4.59814	0.666261	5.2644	2.9841	0.639869	3.62397	2.38265	0.366561	2.74921	4.4134	0.838692	5.25209	
4.4263	0.806434	5.23273	1.80847	0.280053	2.08852	4.58348	1.65774	6.24122	10.7637	0.405856	11.1696	8.01742	1.01581	9.03324	7.09105	0.674472	7.76552	3.42368	0.637523	4.0612	2.48147	0.418173	2.89964	5.25385	0.830481	6.08433	
4.51163	0.818164	5.3298	1.80025	0.44134	2.24159	4.42923	0.72931	5.15854	7.93355	0.550135	8.48369	5.37496	0.353365	5.72832	8.48985	1.18033	9.67017	3.14744	0.687082	3.83452	2.06916	0.331664	2.40083	4.44301	0.778869	5.22188	
10.3358	1.71785	12.0537	1.8504	0.273308	2.12371	4.99139	0.749544	5.74093	4.81661	0.362456	5.17907	4.34859	0.37096	4.71955	4.39697	0.618169	5.01514	6.4679	0.679164	7.14706	2.14922	0.367734	2.51695	4.38055	0.822563	5.20311	
4.36823	0.797344	5.16558	1.83456	0.291196	2.12576	5.42041	0.967135	6.38755	6.46643	0.515531	6.98196	4.71749	0.41612	5.13361	5.76615	0.814939	6.58109	3.42515	0.652479	4.07763	5.44798	0.98209	6.43007	7.5582	0.807901	8.3661	
5.28581	0.940449	6.22626	1.83867	0.294715	2.13339	5.00341	1.51639	6.5198	5.33302	0.944261	6.27728	4.97086	0.408496	5.37936	4.6219	0.668901	5.2908	3.3445	0.669194	4.0137	2.09673	0.328439	2.42517	4.39668	0.78708	5.18376	
4.37557	0.82051	5.19608	2.02371	0.291196	2.31491	4.70811	0.749251	5.45736	5.16851	0.404097	5.57261	4.95239	0.380344	5.33273	5.25091	0.636643	5.88756	3.29494	0.721685	4.01663	2.96328	0.381517	3.3448	4.64213	1.03458	5.67671	
6.96231	0.831361	7.79367	2.01286	0.308205	2.32106	7.66054	0.757462	8.418	5.18229	0.390607	5.5729	4.50753	0.389141	4.89667	4.59169	0.664209	5.2559	3.01606	0.712888	3.72895	2.2501	0.360696	2.61079	4.43011	0.815818	5.24593	
4.41076	0.746612	5.15737	1.85187	0.290903	2.14277	4.71573	0.779162	5.4949	4.84828	0.35747	5.20575	4.28847	0.376532	4.665	4.33715	0.665088	5.00224	3.12046	0.650426	3.77089	2.08969	0.342808	2.4325	4.44448	0.7862	5.23068	
4.3131	0.768312	5.08142	2.58206	0.290023	2.87208	10.6766	1.77885	12.4555	5.62363	0.888251	6.51188	4.49521	0.354245	4.84946	4.92336	1.36742	6.29077	3.75329	0.725204	4.4785	7.07961	0.978571	8.05819	4.2653	0.77447	5.03977	
4.36178	0.799983	5.16177	2.25684	0.290903	2.54775	4.44067	0.708196	5.14886	4.75738	0.361869	5.11925	4.56588	0.381224	4.94711	4.48202	0.673006	5.15502	3.02134	0.670953	3.6923	2.31901	0.3692	2.68821	4.75738	0.94954	5.70692	
4.48612	0.819337	5.30546	1.87093	0.304099	2.17503	4.51398	0.743386	5.25737	4.83831	0.414361	5.25267	4.28583	0.436941	4.72277	4.25797	0.610251	4.86822	3.46884	0.699399	4.16824	2.06242	0.356884	2.4193	4.47322	0.831361	5.30458	
10.3452	1.37944	11.7247	2.13427	0.342808	2.47707	5.88961	1.03488	6.92449	5.18405	0.38269	5.56674	7.41509	0.375065	7.79016	4.38407	0.636057	5.02013	3.03689	0.616409	3.65329	2.09732	0.327852	2.42517	4.81896	0.807314	5.62627	
4.30401	0.825496	5.12951	1.82401	0.283865	2.10787	4.59286	0.693534	5.2864	4.78729	0.714061	5.50135	4.39903	0.353072	4.7521	10.2452	1.43956	11.6848	6.89105	0.822563	7.71362	2.30699	0.370667	2.67766	4.4002	0.887371	5.28757	
4.65855	0.804968	5.46352	1.95568	0.303806	2.25948	4.49961	0.751304	5.25091	4.84447	0.365681	5.21015	4.43334	0.353951	4.78729	4.47527	0.657757	5.13303	3.10697	0.64808	3.75505	2.13368	0.365681	2.49936	5.38669	0.81142	6.19811	
4.86441	1.30408	6.16849	2.24746	0.30234	2.5498	5.78404	0.746905	6.53095	6.53857	0.563918	7.10249	5.0993	0.463333	5.56264	4.71368	0.618169	5.33185	3.91458	0.81054	4.72512	2.5583	0.362162	2.92047	4.46618	0.806434	5.27261	
4.49521	0.802622	5.29783	1.81785	0.318175	2.13602	4.73861	0.746318	5.48493	5.07233	0.399405	5.47173	4.4175	0.372133	4.78963	4.42278	0.660983	5.08376	3.13894	0.667434	3.80637	2.14834	0.362456	2.5108	4.48495	0.834879	5.31983	
4.58025	0.82227	5.40252	1.87445	0.304979	2.17943	4.58583	0.747198	5.33302	4.97438	0.385329	5.35971	4.54594	0.421692	4.96764	4.25269	0.645441	4.89814	3.16064	0.661569	3.82221	2.31403	0.368321	2.68235	4.52454	0.859512	5.38405	
5.33009	0.973586	6.30368	1.81521	0.274481	2.08969	5.28992	0.760101	6.05002	4.85649	0.357764	5.21426	4.87145	0.39442	5.26587	4.63949	0.619635	5.25912	3.27882	0.608785	3.8876	2.13133	0.331371	2.4627	4.27088	1.06156	5.33244	
4.35944	0.758048	5.11749	1.82606	0.282105	2.10817	5.89899	0.723445	6.62244	4.80019	0.359523	5.15971	4.36325	0.372426	4.73568	4.38906	0.609078	4.99813	4.83362	0.726377	5.56	2.17708	0.333717	2.5108	13.0428	2.30406	15.3469	
4.56178	0.799396	5.36118	1.87709	0.272135	2.14922	4.50606	0.724031	5.23009	4.78201	0.36011	5.14212	5.89196	0.426677	6.31863	4.45445	1.39411	5.84856	6.7632	0.849835	7.61303	4.29961	0.528141	4.82776	8.86814	0.842504	9.71064	
4.55826	0.804382	5.36264	1.80172	0.289437	2.09116	4.44184	0.737228	5.17907	4.82717	0.38093	5.2081	4.49111	0.573008	5.06411	4.97526	0.65981	5.63507	3.18234	0.627553	3.80989	3.39729	0.558053	3.95534	5.30165	0.837519	6.13916	
4.4392	0.760981	5.20018	1.83339	0.302046	2.13544	4.61046	0.709955	5.32041	4.87585	0.380637	5.25649	4.37821	0.341928	4.72013	4.37293	0.665382	5.03831	3.19407	0.661276	3.85534	4.6521	0.334304	4.9864	4.34448	0.799983	5.14446	
7.13973	2.18558	9.32531	3.64332	0.420226	4.06355	4.54184	0.75277	5.29461	5.37437	0.394713	5.76908	4.30753	0.350432	4.65796	4.7043	0.609664	5.31396	2.93835	0.612597	3.55095	2.05773	0.331371	2.3891	4.6565	0.842504	5.499	
4.33305	0.809367	5.14241	1.8111	0.267443	2.07855	4.46002	0.68327	5.14329	4.71398	0.352778	5.06675	8.07373	0.353365	8.42709	4.46149	0.662156	5.12364	5.81073	0.67242	6.48315	2.15039	0.380637	2.53103	4.30225	0.777696	5.07995	
4.3565	0.765086	5.12159	2.0243	0.706143	2.73044	4.41985	0.716114	5.13596	4.8691	0.367148	5.23625	4.38583	0.346913	4.73274	4.48377	0.617582	5.10136	2.97413	0.652185	3.62632	2.10787	0.34838	2.45625	5.47994	0.797344	6.27728	
7.61362	0.817578	8.4312	1.85773	0.273894	2.13163	6.93182	1.65128	8.5831	4.84154	0.465093	5.30663	4.53069	0.353365	4.88406	4.62072	0.609371	5.23009	3.11196	0.607025	3.71898	2.06946	0.372426	2.44188	4.5436	1.06831	5.6119	
4.41281	0.80878	5.22159	1.78002	0.294129	2.07415	11.0097	1.78383	12.7936	4.80987	0.362456	5.17232	10.815	0.547789	11.3628	4.60635	0.646614	5.25297	3.10902	0.663329	3.77235	2.07913	0.378291	2.45743	4.34976	0.860099	5.20986	
4.37029	0.804382	5.17467	1.7897	0.28973	2.07943	7.42858	0.959803	8.38838	4.97262	0.406443	5.37906	5.42569	0.515825	5.94152	4.65738	0.64808	5.30546	4.71251	0.662156	5.37466	2.23749	0.360989	2.59848	4.51075	0.857753	5.36851	
6.52977	1.14719	7.67696	2.6542	0.366854	3.02105	4.74007	0.792652	5.53273	4.98142	0.387968	5.36939	4.4568	0.404977	4.86177	4.34067	0.610837	4.95151	3.03513	0.65981	3.69494	2.08559	0.337529	2.42312	6.30192	1.09265	7.39456	
4.24478	0.764207	5.00898	1.90113	0.282399	2.18353	4.44125	0.726964	5.16822	5.43097	0.383276	5.81425	12.8634	1.02402	13.8874	4.409	0.654531	5.06353	3.37559	0.634591	4.01018	2.1023	0.354538	2.45684	4.27674	0.797637	5.07438	
4.3348	0.76538	5.10018	2.03456	0.295595	2.33016	5.38757	0.758635	6.1462	5.03831	0.388555	5.42686	5.72422	0.422572	6.14679	6.08433	0.636937	6.72126	3.55359	0.673299	4.22689	2.13133	0.33577	2.4671	4.65034	0.847489	5.49783	
4.31545	0.81142	5.12687	1.77181	0.265683	2.03749	4.54155	0.70409	5.24564	4.7301	0.355418	5.08552	6.29429	0.877107	7.1714	4.60753	0.656291	5.26382	3.20345	0.622274	3.82572	2.046	0.328732	2.37473	4.50636	0.783268	5.28962	
4.26091	0.751597	5.0125	1.79439	0.315536	2.10993	4.47205	0.692361	5.16441	4.89784	0.371253	5.2691	4.38583	0.346034	4.73186	4.34888	0.704384	5.05326	4.36442	0.608198	4.97262	2.13192	0.331958	2.46388	9.64906	1.97679	11.6259	
5.45707	0.94866	6.40573	2.83924	0.340462	3.1797	6.02304	2.11814	8.14117	6.92859	0.585031	7.51362	4.53245	0.378878	4.91133	5.87114	0.61289	6.48403	2.95302	0.660103	3.61312	2.08471	0.360989	2.4457	4.27029	0.824323	5.09461	
4.29961	0.809953	5.10957	1.85656	0.292662	2.14922	4.47322	0.731363	5.20458	4.89638	0.400871	5.29725	4.58553	0.37008	4.95561	11.9997	1.49821	13.498	6.97023	1.4249	8.39513	5.10576	0.854234	5.95999	11.11	1.59498	12.705	
5.17203	0.827255	5.99929	1.84952	0.307911	2.15743	7.66318	0.758342	8.42152	5.36704	0.467439	5.83448	4.62102	0.417586	5.0386	4.41633	0.792358	5.20869	3.50139	0.723152	4.22454	2.17884	0.365975	2.54481	4.61955	0.89089	5.51044	
4.34038	0.805555	5.14593	1.83779	0.271548	2.10934	4.78201	0.733415	5.51542	4.98699	0.392367	5.37936	4.33656	0.368907	4.70547	4.38524	0.646027	5.03127	2.94598	0.652185	3.59816	2.10875	0.328439	2.43719	5.65266	0.805555	6.45822	
4.35328	0.768019	5.1213	1.8677	0.271255	2.13896	4.77937	0.708782	5.48815	4.82864	0.357177	5.18581	4.36178	0.586498	4.94828	4.48143	0.666261	5.14769	3.04744	0.616409	3.66385	2.10347	0.325213	2.42869	4.23393	0.821977	5.0559	
4.37996	0.783268	5.16323	2.05831	0.303219	2.36153	5.59343	1.59527	7.1887	4.93421	0.365388	5.29959	4.9084	0.389728	5.29813	4.34917	0.641042	4.99022	4.66236	1.55158	6.21394	2.51461	0.341048	2.85566	4.53128	0.83224	5.36352	
9.5429	0.902913	10.4458	1.81668	0.271842	2.08852	4.51457	0.68327	5.19784	5.01631	0.360696	5.37701	4.42249	0.345154	4.76764	10.7951	0.640162	11.4352	7.18577	1.58413	8.7699	2.09996	0.333424	2.43338	4.38994	0.817578	5.20751	
4.28495	0.857753	5.14271	1.79586	0.292956	2.08881	4.51691	0.732536	5.24945	4.72013	0.358937	5.07907	4.75034	0.387088	5.13743	4.27879	0.635764	4.91456	3.13894	0.647493	3.78643	2.72633	0.341048	3.06738	5.0128	1.06185	6.07465	
5.33302	0.825789	6.15881	1.91873	0.287677	2.2064	5.20869	0.693534	5.90222	5.02042	0.382983	5.4034	4.36853	0.42785	4.79638	4.83391	1.05306	5.88697	5.10458	1.12666	6.23124	2.14218	0.363922	2.5061	7.71538	1.38589	9.10127	
4.42014	0.827548	5.24769	1.78852	0.39266	2.18118	4.56559	0.715234	5.28083	4.95561	0.405563	5.36118	7.72007	0.633418	8.35349	4.45122	0.712595	5.16382	5.12218	0.651306	5.77348	2.0372	0.355711	2.39291	4.45914	0.828135	5.28728	
4.42747	0.79793	5.2254	1.7853	0.34662	2.13192	4.51163	0.726377	5.23801	5.43683	0.390021	5.82685	4.76735	0.51905	5.2864	5.19637	0.643095	5.83946	3.42984	0.696759	4.1266	2.33749	0.421692	2.75918	4.39111	0.767726	5.15883	
4.33129	0.75101	5.0823	1.87503	0.273894	2.14893	4.42835	0.749544	5.1779	4.95972	0.384449	5.34417	4.3219	0.34574	4.66764	5.69841	0.640749	6.33916	2.99788	0.629312	3.6272	2.04893	0.3475	2.39643	4.48641	0.824323	5.31074	
4.38026	0.749544	5.1298	1.85363	0.272135	2.12576	10.1907	1.63545	11.8261	8.27695	0.363629	8.64058	6.47552	0.920508	7.39603	4.31076	0.611424	4.92218	3.02838	0.628432	3.65681	2.1847	0.353365	2.53807	4.40665	0.786787	5.19344	
5.65618	0.762154	6.41834	1.85597	0.285038	2.14101	10.73	0.736348	11.4663	5.0474	0.395886	5.44329	5.62099	0.38093	6.00192	4.45328	0.638989	5.09227	3.11166	0.682683	3.79435	2.04864	0.379757	2.42839	4.50108	0.841038	5.34211	
4.50166	0.88004	5.3817	1.81668	0.301753	2.11843	4.61691	0.717873	5.33478	4.7867	0.357764	5.14446	9.14673	0.375359	9.52208	4.43011	0.613183	5.04329	3.32603	0.664502	3.99053	4.72541	0.79705	5.52246	9.18514	0.782388	9.96753	
4.32689	0.778576	5.10546	1.8111	0.30234	2.11344	4.42923	0.903793	5.33302	4.90165	0.356004	5.25766	4.28671	0.363335	4.65005	5.87407	0.614356	6.48842	2.96885	0.849249	3.8181	5.10018	0.853647	5.95383	7.42389	2.28441	9.7083	
4.28613	0.977398	5.26352	2.04072	0.296181	2.3369	5.03332	0.693534	5.72686	4.96294	0.385036	5.34798	4.35944	0.386209	4.74565	4.89432	0.63547	5.52979	2.98234	0.634591	3.61693	2.05978	0.339289	2.39907	4.35592	0.802622	5.15854	
4.71339	0.799983	5.51337	2.0501	0.38269	2.43279	4.43744	0.731069	5.16851	4.85943	0.362456	5.22188	4.39052	0.344861	4.73538	4.35563	0.658344	5.01397	2.99642	0.654825	3.65124	2.0806	0.330198	2.4108	4.248	0.79705	5.04505	
4.28583	0.761274	5.04711	1.80759	0.274188	2.08177	9.92354	0.756289	10.6798	4.80694	0.407616	5.21455	4.28964	0.390901	4.68054	8.71272	0.673886	9.3866	3.20932	1.42108	4.6304	2.07327	0.336063	2.40933	4.31222	2.86123	7.17345	
7.69045	1.45921	9.14966	1.95978	0.392953	2.35274	10.7103	1.01347	11.7238	6.98313	0.531953	7.51509	4.39111	0.353658	4.74477	4.42982	0.699105	5.12892	2.96797	0.645147	3.61312	2.13485	0.331664	2.46652	4.8128	0.825789	5.63859	
4.49521	0.824323	5.31953	1.8199	0.345447	2.16535	11.0484	1.84542	12.8939	4.81456	0.358937	5.1735	4.38524	0.3692	4.75444	11.0525	1.59058	12.6431	4.38143	0.781215	5.16265	2.14424	0.352778	2.49701	4.58905	0.796464	5.38552	
4.24272	0.773297	5.01602	2.18236	0.305272	2.48763	4.53069	0.726964	5.25766	7.31832	1.0771	8.39542	6.3116	0.375065	6.68666	4.34331	0.664795	5.0081	3.20286	0.71758	3.92044	2.04541	0.358057	2.40347	4.57879	0.844263	5.42305	
4.28642	0.815525	5.10194	1.82137	0.265097	2.08647	4.52982	0.690894	5.22071	4.82952	0.477409	5.30692	4.40577	0.349259	4.75503	4.33275	0.65805	4.9908	3.0102	0.610837	3.62104	2.29057	0.367148	2.65771	4.33539	0.808194	5.14358	
4.44272	0.828721	5.27144	1.95245	0.27712	2.22957	4.54682	0.69588	5.2427	5.00605	0.365095	5.37115	4.59697	0.380637	4.97761	4.38788	0.750131	5.13801	3.00345	0.619928	3.62338	2.72809	0.384156	3.11225	4.40401	0.790599	5.19461	
5.25062	0.804675	6.0553	1.99908	0.300873	2.29995	5.73243	1.03224	6.76466	5.09432	0.365975	5.46029	4.33392	0.365388	4.69931	4.56794	0.638403	5.20634	3.00521	0.770071	3.77529	2.03573	0.329612	2.36535	4.76793	0.832533	5.60047	
5.43654	0.784734	6.22127	1.8592	0.270669	2.12987	4.63802	0.722565	5.36059	4.83274	0.35835	5.19109	4.38964	0.374479	4.76412	4.44595	0.658637	5.10458	3.10433	0.607612	3.71194	2.0891	0.353072	2.44218	4.42249	1.84688	6.26937	
4.27938	0.82315	5.10253	1.93134	0.270082	2.20142	4.51926	0.74016	5.25942	4.84388	0.357764	5.20165	4.38407	0.345154	4.72922	4.43949	0.663915	5.10341	3.05976	0.604679	3.66444	2.10699	0.378878	2.48587	4.32865	0.91259	5.24124	
11.2593	0.968601	12.2279	3.16269	0.358643	3.52133	4.91456	0.721685	5.63624	4.72776	0.417293	5.14505	4.44184	0.351605	4.79345	4.38407	0.618462	5.00253	5.31865	1.57563	6.89428	5.19461	0.867137	6.06175	6.98519	0.814059	7.79925	
4.49932	0.780042	5.27936	1.82108	0.267736	2.08881	5.05297	0.950126	6.0031	6.71804	0.362749	7.08079	4.55269	0.9035	5.45619	4.41809	0.607612	5.0257	3.96355	0.65893	4.62248	2.09174	0.33401	2.42575	6.47376	0.829601	7.30336	
4.33686	0.801156	5.13801	1.97708	0.270375	2.24746	4.46207	0.693534	5.15561	4.83245	0.374479	5.20693	4.40167	0.366854	4.76852	4.48905	0.654238	5.14329	2.99876	0.630192	3.62895	2.08793	0.3475	2.43543	5.54035	0.805555	6.34591	
5.61337	0.812299	6.42567	1.90465	0.276534	2.18118	4.41105	0.677405	5.08845	6.3591	0.511426	6.87053	4.2439	0.350139	4.59404	4.50254	0.64896	5.1515	3.1926	0.653652	3.84625	2.24453	0.357764	2.60229	8.22065	1.97151	10.1922	
7.18166	1.25364	8.4353	1.78295	0.275654	2.05861	4.40167	0.744266	5.14593	4.78934	0.390021	5.17936	4.34008	0.366268	4.70635	4.59022	0.657464	5.24769	4.88699	1.00848	5.89547	2.08295	0.339582	2.42253	5.82803	0.812593	6.64062	
4.58143	0.795877	5.3773	1.84219	0.290903	2.13309	4.38906	0.711715	5.10077	5.45384	0.418759	5.8726	4.36999	0.374772	4.74477	4.88377	0.777403	5.66117	3.28175	0.691188	3.97294	2.10875	0.335183	2.44394	4.27528	0.816112	5.09139	
4.70752	0.971533	5.67906	2.1979	0.296181	2.49408	4.33862	0.732536	5.07115	4.78289	0.359816	5.14271	4.61427	0.375359	4.98963	4.78113	0.617289	5.39842	2.98058	0.608198	3.58878	2.08177	0.353951	2.43572	4.28437	0.803209	5.08757	
4.32953	0.788839	5.11837	4.32659	0.701158	5.02775	4.5738	0.704677	5.27848	10.6939	0.422865	11.1168	4.38084	0.371546	4.75239	4.40577	0.634591	5.04036	4.64272	1.62079	6.2635	2.10875	0.333717	2.44247	7.91596	0.773297	8.68926	
13.0698	2.28646	15.3563	1.89409	0.297354	2.19145	6.40368	0.720512	7.12419	4.8172	0.362749	5.17995	5.82597	0.453949	6.27992	11.6106	0.639283	12.2499	6.56203	0.646614	7.20864	2.10054	0.334304	2.43485	4.30372	0.943088	5.24681	
4.35592	0.806728	5.16265	1.8199	0.266856	2.08676	4.43656	0.757169	5.19373	4.96382	0.361576	5.3254	4.44155	0.34838	4.78993	4.85122	0.672126	5.52334	2.96387	0.655704	3.61957	2.5281	0.419053	2.94715	4.70606	0.806141	5.5122	
4.27088	0.822856	5.09373	1.77152	0.270669	2.04219	4.55034	0.768312	5.31865	4.78465	0.354245	5.13889	10.8276	0.747491	11.5751	11.5695	0.708489	12.278	3.29436	0.649253	3.94361	2.23426	0.458055	2.69232	12.3757	2.28734	14.663	
4.6609	0.826962	5.48786	1.84893	0.299114	2.14805	4.59844	0.867723	5.46616	5.00429	0.384156	5.38845	4.32102	0.374772	4.69579	4.59785	0.646027	5.24388	2.97677	0.672126	3.6489	2.05685	0.431369	2.48822	4.42894	0.807314	5.23625	
4.32219	0.809367	5.13156	1.8372	0.27888	2.11608	4.54653	0.754529	5.30106	4.84154	0.382103	5.22364	4.41662	0.378291	4.79491	4.37879	0.624913	5.00371	2.99114	0.604972	3.59611	5.1949	0.879747	6.07465	4.35973	0.806728	5.16646	
6.93534	0.788253	7.72359	1.7985	0.268323	2.06682	4.62981	0.769192	5.399	5.39988	0.367148	5.76703	4.5738	0.399405	4.97321	7.8491	0.627553	8.47665	3.2923	0.657464	3.94977	2.14306	0.421399	2.56446	4.33422	0.795584	5.1298	
4.83509	0.816991	5.65208	1.87415	0.271842	2.146	4.29375	0.690894	4.98464	5.09813	0.361869	5.46	4.36853	0.344861	4.71339	4.41867	0.610837	5.02951	2.92017	0.668314	3.58849	2.35156	0.343981	2.69554	4.22308	0.761274	4.98435	
4.30812	0.77447	5.08259	1.84923	0.292956	2.14218	4.40079	0.730776	5.13156	4.96676	0.360403	5.32716	10.6268	0.415534	11.0423	4.31428	0.609664	4.92394	3.10551	0.632831	3.73834	2.08559	0.343981	2.42957	4.58524	0.820217	5.40546	
5.63038	0.834879	6.46526	1.87562	0.283865	2.15948	8.97195	1.80201	10.774	6.63593	1.11171	7.74763	10.1086	0.373013	10.4816	4.40284	0.610544	5.01338	3.09202	0.690015	3.78203	2.42839	0.412308	2.8407	4.3697	0.779162	5.14886	
4.39932	0.807314	5.20663	1.83896	0.291783	2.13075	4.6043	0.738987	5.34329	4.8955	0.378584	5.27408	4.32923	0.398818	4.72805	4.71046	0.662742	5.3732	3.08293	0.922854	4.00578	2.25362	0.377998	2.63162	5.00371	0.994114	5.99782	
4.41985	0.847489	5.26734	2.07063	0.297061	2.36769	4.69755	0.748664	5.44622	4.77585	0.384449	5.1603	5.35678	0.385329	5.74211	4.58876	0.839278	5.42804	3.16797	0.667728	3.8357	2.15773	0.387382	2.54511	5.83067	0.807314	6.63798	
4.38378	0.798517	5.18229	1.90876	0.341048	2.24981	5.13479	0.772711	5.9075	5.17027	0.395299	5.56557	4.24712	0.348086	4.59521	4.46061	0.612304	5.07291	3.1448	0.852768	3.99757	2.21227	0.360989	2.57326	4.43275	0.801156	5.23391	
4.5348	0.845143	5.37994	1.9894	0.272428	2.26183	4.90107	0.741333	5.6424	4.89784	0.365095	5.26294	4.30489	0.344274	4.64917	4.56266	0.732536	5.29519	5.6814	0.620808	6.30221	2.08969	0.345447	2.43514	4.79169	0.760101	5.55179	
4.64711	0.771244	5.41836	1.8155	0.806141	2.62164	4.65386	1.27065	5.92451	4.86148	0.357177	5.21866	4.39756	0.362456	4.76002	6.06644	0.680631	6.74707	6.12333	0.65805	6.78138	2.44599	0.341342	2.78733	7.03533	1.74278	8.77811	
5.33126	0.827255	6.15852	1.92313	0.27712	2.20025	9.7297	0.742213	10.4719	4.83919	0.361283	5.20048	5.29783	0.366854	5.66469	7.35028	0.714354	8.06464	3.07618	0.718753	3.79493	2.04101	0.368614	2.40963	4.46735	0.766553	5.23391	
4.29228	0.752477	5.04476	1.87591	0.309964	2.18588	4.67116	0.735468	5.40663	4.88582	0.358643	5.24446	4.36384	0.360989	4.72483	9.60185	0.614063	10.2159	2.93161	0.628139	3.55975	2.2284	0.408496	2.63689	4.46853	0.790892	5.25942	
8.2532	0.760394	9.01359	2.00905	0.292369	2.30142	4.4697	0.74016	5.20986	5.64387	0.363629	6.0075	5.46968	0.465972	5.93565	11.0118	0.620808	11.6326	3.27471	0.653065	3.92778	2.3413	0.358937	2.70024	4.40606	0.763327	5.16939	
4.42395	1.79058	6.21453	1.84072	0.275654	2.11638	4.59198	0.690308	5.28229	6.51804	0.907019	7.42506	4.51662	0.374772	4.89139	9.41534	0.973586	10.3889	3.10551	0.665088	3.77059	2.05391	0.528728	2.58264	4.42776	0.836346	5.26411	
6.0377	0.825202	6.8629	2.25626	0.298821	2.55508	4.57732	1.09147	5.66879	7.43005	0.577993	8.00804	4.36794	0.377705	4.74565	4.51046	0.685323	5.19578	3.03776	0.726671	3.76444	2.15245	0.371253	2.5237	4.48319	0.860685	5.34387	
4.59374	1.0123	5.60604	2.73455	0.30058	3.03513	4.45944	0.794411	5.25385	4.77761	0.363629	5.14124	4.32044	0.399698	4.72013	4.64242	0.678578	5.321	3.2099	0.660103	3.87001	3.22515	0.546616	3.77177	4.36853	0.81054	5.17907	
4.55357	0.837519	5.39109	1.83427	0.270962	2.10523	4.38407	0.676232	5.0603	5.16411	0.402044	5.56616	4.33627	0.351605	4.68788	8.84556	1.5639	10.4095	6.20573	1.5853	7.79104	2.17121	0.390021	2.56124	4.32425	0.807901	5.13215	
4.60489	0.835759	5.44065	3.62514	0.837812	4.46295	4.44976	0.692947	5.14271	4.83391	0.359523	5.19344	4.24214	0.345154	4.58729	4.50929	0.643681	5.15297	2.88616	0.724618	3.61077	2.20934	0.356297	2.56563	4.9389	0.79969	5.73859	
5.25825	1.27153	6.52977	3.87001	0.752477	4.62248	8.11068	1.25335	9.36402	6.672	0.403217	7.07522	7.9969	0.376825	8.37372	4.32454	0.614943	4.93948	2.96152	0.621394	3.58291	2.185	0.331958	2.51695	4.48905	0.825202	5.31426	
4.42395	0.813766	5.23772	1.82929	0.269789	2.09908	4.38231	0.757169	5.13948	4.7477	0.354538	5.10224	4.39316	0.397939	4.7911	4.63069	0.614063	5.24476	2.87061	0.598228	3.46884	2.23368	0.447791	2.68147	4.31985	0.773004	5.09285	
